2020-05-15
 11:59:14.090968600
Data/PACK_d/
 BRANCHEMENT STATIQUE  
 Inst |old_time |old_backt |makespan |old_prop |new_time |new_backt |makespan |new_prop|
pack001 | 300.00027 | 1618096 | -1 | 899655 | 300.0001 | 1662802 | -1 | 620188 |  
pack002 | 300.0003 | 870559 | -1 | 625835 | 300.00024 | 746100 | -1 | 998998 |  
pack003 | 300.0002 | 1252806 | -1 | 1724155 | 300.00015 | 1210959 | -1 | 2863292 |  
pack004 | 300.00006 | 1843547 | -1 | 67483 | 300.00012 | 1773404 | -1 | 876170 |  
pack005 | 300.00027 | 2381120 | -1 | 550714 | 300.00006 | 2424283 | -1 | 308970 |  
pack006 | 300.00006 | 2096027 | -1 | 744217 | 300.00012 | 1219870 | -1 | 367880 |  
pack007 | 300.0166 | 1393353 | -1 | 770 | 300.0002 | 1556069 | -1 | 840527 |  
pack008 | 300.00012 | 1995289 | -1 | 2481 | 300.0001 | 2971492 | -1 | 94027 |  
pack009 | 300.00006 | 1340433 | -1 | 2292 | 300.0004 | 1829810 | -1 | 355641 |  
pack010 | 300.00006 | 1741209 | -1 | 786385 | 300.00006 | 1649406 | -1 | 520637 |  
pack011 | 300.0001 | 1409141 | -1 | 420907 | 300.00015 | 1294185 | -1 | 466711 |  
pack012 | 300.0001 | 2432888 | -1 | 102738 | 300.00006 | 2740916 | -1 | 25471 |  
pack013 | 300.00012 | 1960432 | -1 | 881 | 300.00006 | 2615162 | -1 | 488491 |  
pack014 | 300.00034 | 1188028 | -1 | 455570 | 300.00018 | 1123142 | -1 | 287049 |  
pack015 | 300.00027 | 1639538 | -1 | 95981 | 300.0001 | 2393792 | -1 | 303153 |  
pack016 | 300.0001 | 724610 | -1 | 221763 | 300.00104 | 499468 | -1 | 654526 |  
pack017 | 300.0002 | 919171 | -1 | 26929 | 300.00027 | 941739 | -1 | 165506 |  
pack018 | 300.00006 | 1082914 | -1 | 662448 | 300.0005 | 390381 | -1 | 232755 |  
pack019 | 300.00027 | 954121 | -1 | 443087 | 300.00024 | 931657 | -1 | 441666 |  
pack020 | 300.0001 | 804760 | -1 | 1291 | 300.0001 | 373581 | -1 | 319549 |  
pack021 | 300.001 | 1082754 | -1 | 677340 | 300.0095 | 250180 | -1 | 105192 |  
pack022 | 300.00034 | 835790 | -1 | 732 | 300.00012 | 165645 | -1 | 107815 |  
pack023 | 300.0001 | 1234521 | -1 | 38973 | 300.0001 | 1441860 | -1 | 20843 |  
pack024 | 300.0002 | 1124949 | -1 | 43259 | 300.0001 | 833105 | -1 | 567388 |  
pack025 | 300.00015 | 1527340 | -1 | 2366 | 300.0002 | 1212970 | -1 | 338175 |  
pack026 | 300.0001 | 957581 | -1 | 2067972 | 300.00006 | 704668 | -1 | 1391645 |  
pack027 | 300.00052 | 699967 | -1 | 635075 | 300.0002 | 557630 | -1 | 500688 |  
pack028 | 300.0003 | 627346 | -1 | 718170 | 300.00018 | 836995 | -1 | 203971 |  
pack029 | 300.00006 | 1007112 | -1 | 425184 | 300.0001 | 683040 | -1 | 927659 |  
pack030 | 300.0003 | 1748507 | -1 | 476095 | 300.00116 | 964008 | -1 | 602654 |  
pack031 | 300.00006 | 4948615 | -1 | 80710 | 300.0001 | 5078815 | -1 | 96063 |  
pack032 | 0.0570795 | 658 | 2943 | 17 | 0.0304877 | 148 | 2943 | 91 |  
pack033 | 0.0081164 | 32 | 3390 | 1 | 0.0041413 | 32 | 3390 | 1 |  
pack034 | 300.0003 | 826386 | -1 | 356903 | 300.0006 | 611795 | -1 | 682570 |  
pack035 | 0.0047276 | 14 | 2305 | 1 | 0.0033253 | 14 | 2305 | 2 |  
pack036 | 300.0001 | 3227731 | -1 | 287848 | 300.00015 | 3414851 | -1 | 791969 |  
pack037 | 300.00058 | 902425 | -1 | 355588 | 300.00024 | 2334581 | -1 | 103223 |  
pack038 | 300.00024 | 1681360 | -1 | 7 | 300.0001 | 1767549 | -1 | 1574 |  
pack039 | 300.00015 | 756952 | -1 | 362839 | 300.0005 | 1201968 | -1 | 790770 |  
pack040 | 300.0001 | 3175707 | -1 | 6038 | 300.00015 | 3318116 | -1 | 4119 |  
pack041 | 300.00006 | 1419724 | -1 | 4670 | 300.00018 | 935805 | -1 | 987121 |  
pack042 | 300.00015 | 1553752 | -1 | 10975 | 300.00015 | 876815 | -1 | 394456 |  
pack043 | 300.0005 | 713339 | -1 | 548762 | 300.00006 | 643290 | -1 | 454224 |  
pack044 | 300.00098 | 855688 | -1 | 724191 | 300.0001 | 1018087 | -1 | 250800 |  
pack045 | 0.007059 | 15 | 2712 | 8 | 0.0062586 | 15 | 2712 | 17 |  
pack046 | 300.00018 | 1723577 | -1 | 705589 | 300.00015 | 2231405 | -1 | 33071 |  
pack047 | 300.00003 | 1179901 | -1 | 1725825 | 300.0002 | 972552 | -1 | 2397556 |  
pack048 | 300.00018 | 2390806 | -1 | 903038 | 300.00012 | 2874198 | -1 | 26827 |  
pack049 | 300.0002 | 1225901 | -1 | 286598 | 300.00012 | 1033993 | -1 | 570420 |  
pack050 | 300.00006 | 1060552 | -1 | 547553 | 300.0001 | 2244844 | -1 | 13279 |  
pack051 | 300.00012 | 1549828 | -1 | 10975 | 300.0004 | 876525 | -1 | 394357 |  
pack052 | 300.0001 | 984395 | -1 | 37497 | 300.0024 | 1005586 | -1 | 58835 |  
pack053 | 300.00482 | 1010978 | -1 | 27548 | 300.00003 | 670201 | -1 | 26909 |  
pack054 | 300.00195 | 371224 | -1 | 204219 | 300.0002 | 339739 | -1 | 187630 |  
pack055 | 300.00015 | 825392 | -1 | 976728 | 300.00006 | 841492 | -1 | 1002153 |  
0.019245626 | 179.75 | 6.75 | 0.011053224 | 52.25 | 27.75 |  
