2020-07-16
 18:43:22.226847
Data/BL/
 BRANCHEMENT STATIQUE  
 Inst |old_time |old_backt |makespan |old_prop |new_time |new_backt |makespan |new_prop|
bl_20_1 | 0.0477773 | 42 | 16 | 104 | 0.0407487 | 42 | 16 | 105 |  
bl_20_2 | 0.0297093 | 63 | 16 | 170 | 0.029611 | 63 | 16 | 157 |  
bl_20_3 | 300.00037 | 2537535 | -1 | 5067174 | 300.00015 | 2654788 | -1 | 5201471 |  
bl_20_4 | 0.0055925 | 35 | 18 | 54 | 0.0039555 | 35 | 18 | 51 |  
bl_20_5 | 300.01724 | 2451106 | -1 | 4606253 | 300.00015 | 2779699 | -1 | 5092244 |  
bl_20_6 | 0.3774229 | 3364 | 16 | 5399 | 0.34687662 | 3364 | 16 | 5077 |  
bl_20_7 | 11.935318 | 123127 | 19 | 187815 | 10.885017 | 123083 | 19 | 179714 |  
bl_20_8 | 279.6154 | 4687791 | 20 | 3645714 | 263.39355 | 4637425 | 20 | 3560842 |  
bl_20_9 | 0.0043049 | 84 | 14 | 57 | 0.0043537 | 84 | 14 | 57 |  
bl_20_10 | 0.0269185 | 218 | 16 | 460 | 0.0260109 | 218 | 16 | 444 |  
bl_20_11 | 0.0014218 | 23 | 17 | 10 | 0.0012826 | 23 | 17 | 10 |  
bl_20_12 | 300.00027 | 3061884 | -1 | 7896014 | 300.00012 | 3192155 | -1 | 7974683 |  
bl_20_13 | 0.0427163 | 322 | 17 | 682 | 0.0364913 | 308 | 17 | 647 |  
bl_20_14 | 6.84306 | 44437 | 18 | 107423 | 5.9876614 | 44491 | 18 | 105727 |  
bl_20_15 | 0.09987529 | 1379 | 13 | 2210 | 0.0943281 | 1379 | 13 | 2193 |  
bl_20_16 | 38.682175 | 519351 | 19 | 595292 | 34.219826 | 509943 | 19 | 587224 |  
bl_20_17 | 0.0235276 | 303 | 15 | 537 | 0.0212574 | 303 | 15 | 537 |  
bl_20_18 | 2.0635889 | 26757 | 18 | 28904 | 1.7953626 | 26745 | 18 | 28030 |  
bl_20_19 | 0.0011565 | 22 | 14 | 13 | 8.93E-4 | 22 | 14 | 13 |  
bl_20_20 | 0.0835733 | 858 | 15 | 1216 | 0.074892096 | 858 | 15 | 1130 |  
AVERAGE |19.993149 | 318128.0 | 269180.0 | 18.64483 | 314610.94 | 263056.34 |  
TIME RATIO  = 107.23159 backtracks= 5.02020-07-16
 19:24:19.714947
Data/BL/
 BRANCHEMENT DYNAMIQUE  
 Inst |old_time |old_backt |makespan |old_prop |new_time |new_backt |makespan |new_prop|
bl_20_1 | 0.0352891 | 186 | 16 | 471 | 0.0387678 | 186 | 16 | 471 |  
bl_20_2 | 0.0398741 | 365 | 16 | 715 | 0.0384706 | 381 | 16 | 719 |  
bl_20_3 | 0.6798309 | 4617 | 15 | 13241 | 0.6408506 | 4412 | 15 | 12609 |  
bl_20_4 | 0.0016427 | 13 | 18 | 16 | 0.0013489 | 13 | 18 | 16 |  
bl_20_5 | 107.43517 | 784100 | 19 | 1928302 | 98.69279 | 762548 | 19 | 1808350 |  
bl_20_6 | 0.0018943 | 15 | 16 | 22 | 0.0015394 | 15 | 16 | 22 |  
bl_20_7 | 2.416055 | 20160 | 19 | 31439 | 2.0878437 | 19878 | 19 | 29878 |  
bl_20_8 | 0.0718148 | 1253 | 20 | 863 | 0.069694 | 1253 | 20 | 860 |  
bl_20_9 | 0.0015518 | 23 | 14 | 22 | 0.0017215 | 23 | 14 | 22 |  
bl_20_10 | 0.0014259 | 18 | 16 | 25 | 0.001756 | 18 | 16 | 25 |  
bl_20_11 | 8.835E-4 | 16 | 17 | 9 | 9.247E-4 | 16 | 17 | 9 |  
bl_20_12 | 9.3883705 | 84185 | 18 | 234408 | 12.464458 | 111205 | 18 | 306153 |  
bl_20_13 | 0.0307985 | 266 | 17 | 570 | 0.0266195 | 266 | 17 | 570 |  
bl_20_14 | 0.0296538 | 172 | 18 | 329 | 0.0256782 | 172 | 18 | 329 |  
bl_20_15 | 0.014532 | 196 | 13 | 306 | 0.0151944 | 196 | 13 | 306 |  
bl_20_16 | 0.0155245 | 194 | 19 | 213 | 0.0134339 | 194 | 19 | 213 |  
bl_20_17 | 0.063001 | 730 | 15 | 844 | 0.06835289 | 730 | 15 | 819 |  
bl_20_18 | 3.051644 | 24503 | 18 | 45026 | 2.976162 | 24329 | 18 | 43291 |  
bl_20_19 | 0.0012539 | 18 | 14 | 14 | 0.0012328 | 18 | 14 | 14 |  
bl_20_20 | 0.1815196 | 1569 | 15 | 2573 | 0.16081831 | 1523 | 15 | 2129 |  
AVERAGE |12.522845 | 171102.03 | 184742.38 | 11.737559 | 169615.19 | 180507.11 |  
TIME RATIO  = 106.69037 backtracks= 10.02020-07-16
 19:30:27.274482500
Data/BL/
 BRANCHEMENT STATIQUE  
 Inst |old_time |old_backt |makespan |old_prop |new_time |new_backt |makespan |new_prop|
bl_25_1 | 300.00037 | 1548209 | -1 | 4697123 | 300.0001 | 1629098 | -1 | 4822806 |  
bl_25_2 | 300.00122 | 2565820 | -1 | 2723206 | 300.0001 | 2852713 | -1 | 3019567 |  
bl_25_3 | 300.00012 | 3974082 | -1 | 3474094 | 300.00006 | 4423241 | -1 | 3584429 |  
bl_25_4 | 12.147351 | 81989 | 22 | 115570 | 10.599369 | 81989 | 22 | 115446 |  
bl_25_5 | 300.0001 | 3686584 | -1 | 3292440 | 300.0001 | 4019248 | -1 | 3610859 |  
bl_25_6 | 7.594178 | 72139 | 33 | 24777 | 6.426529 | 72139 | 33 | 25807 |  
bl_25_7 | 300.01718 | 4342422 | -1 | 1696829 | 300.00006 | 3526870 | -1 | 1396043 |  
bl_25_8 | 300.00015 | 3260627 | -1 | 3021619 | 300.0001 | 3743315 | -1 | 3448479 |  
bl_25_9 | 264.70566 | 2119593 | 27 | 2232358 | 256.6768 | 2119593 | 27 | 2217719 |  
bl_25_10 | 4.6846523 | 59362 | 23 | 42497 | 4.190503 | 59362 | 23 | 42547 |  
bl_25_11 | 0.7658022 | 3224 | 24 | 14122 | 0.67397314 | 3224 | 24 | 13972 |  
bl_25_12 | 300.00006 | 6120593 | -1 | 431533 | 300.0001 | 6413976 | -1 | 444396 |  
bl_25_13 | 46.727306 | 1000561 | 17 | 445279 | 42.67629 | 1000561 | 17 | 445571 |  
bl_25_14 | 80.99775 | 296200 | 30 | 1068808 | 63.795826 | 296200 | 30 | 1006959 |  
bl_25_15 | 1.0600805 | 4549 | 20 | 16195 | 1.0284679 | 4549 | 20 | 16195 |  
bl_25_16 | 128.15303 | 1618421 | 20 | 1579654 | 116.17235 | 1618421 | 20 | 1579654 |  
bl_25_17 | 9.969469 | 100921 | 26 | 76894 | 8.715112 | 100913 | 26 | 75470 |  
bl_25_18 | 300.0001 | 2435964 | -1 | 2664981 | 300.0002 | 2836435 | -1 | 3103845 |  
bl_25_19 | 300.0001 | 5482571 | -1 | 2608552 | 300.0001 | 5558945 | -1 | 2631422 |  
bl_25_20 | 300.00003 | 7593978 | -1 | 520704 | 300.0001 | 7386669 | -1 | 475243 |  
AVERAGE |55.68053 | 535695.9 | 561615.4 | 51.095524 | 535695.1 | 553934.0 |  
TIME RATIO  = 108.973404 backtracks= 1.02020-07-16
 21:28:15.925980400
Data/BL/
 BRANCHEMENT DYNAMIQUE  
 Inst |old_time |old_backt |makespan |old_prop |new_time |new_backt |makespan |new_prop|
bl_25_1 | 129.26608 | 497604 | 27 | 1412241 | 118.53776 | 508910 | 27 | 1408929 |  
bl_25_2 | 36.850224 | 146535 | 29 | 316970 | 32.221615 | 150994 | 29 | 327930 |  
bl_25_3 | 35.793392 | 178993 | 23 | 360585 | 32.68868 | 187048 | 23 | 369625 |  
bl_25_4 | 0.07601769 | 327 | 22 | 903 | 0.0674252 | 327 | 22 | 903 |  
bl_25_5 | 1.0846844 | 9197 | 28 | 11200 | 1.0222969 | 9213 | 28 | 11451 |  
bl_25_6 | 0.07864729 | 587 | 33 | 454 | 0.0722682 | 587 | 33 | 454 |  
bl_25_7 | 300.0002 | 1581723 | -1 | 2229947 | 300.0002 | 1652013 | -1 | 2310883 |  
bl_25_8 | 1.1273087 | 5135 | 24 | 15511 | 1.0467211 | 5135 | 24 | 15471 |  
bl_25_9 | 0.5484042 | 2678 | 27 | 6015 | 0.5285256 | 2752 | 27 | 6285 |  
bl_25_10 | 0.0025604 | 18 | 23 | 14 | 0.0024503 | 18 | 23 | 14 |  
bl_25_11 | 0.0389244 | 203 | 24 | 498 | 0.0348524 | 203 | 24 | 495 |  
bl_25_12 | 300.00034 | 1923998 | -1 | 1506238 | 300.00006 | 2073268 | -1 | 1618887 |  
bl_25_13 | 0.20070471 | 3407 | 17 | 1114 | 0.2012455 | 3407 | 17 | 1114 |  
bl_25_14 | 1.7420387 | 13404 | 30 | 7122 | 1.3559467 | 13387 | 30 | 7008 |  
bl_25_15 | 0.0513342 | 227 | 20 | 620 | 0.0583538 | 299 | 20 | 829 |  
bl_25_16 | 0.2298197 | 1807 | 20 | 2270 | 0.32038498 | 2897 | 20 | 3603 |  
bl_25_17 | 1.0079867 | 5421 | 26 | 6233 | 0.8675477 | 5417 | 26 | 6037 |  
bl_25_18 | 17.53694 | 81244 | 23 | 196198 | 15.725928 | 84472 | 23 | 200054 |  
bl_25_19 | 2.0578752 | 14483 | 23 | 13673 | 4.0631566 | 30286 | 23 | 30381 |  
bl_25_20 | 24.940817 | 133728 | 28 | 165047 | 23.93979 | 137556 | 28 | 161992 |  
AVERAGE |28.908537 | 230427.03 | 290457.94 | 26.561077 | 232137.83 | 288996.97 |  
TIME RATIO  = 108.837975 backtracks= 3.02020-07-17
 06:50:50.454008100
Data/BL/
 BRANCHEMENT STATIQUE  
 Inst |old_time |old_backt |makespan |old_prop |new_time |new_backt |makespan |new_prop|
bl_20_14 | 7.9345427 | 44677 | 18 | 103124 | 6.184517 | 44491 | 18 | 105727 |  
AVERAGE |7.9345427 | 44677.0 | 103124.0 | 6.184517 | 44491.0 | 105727.0 |  
TIME RATIO  = 128.29689 backtracks= 1.02020-07-17
 06:51:04.895023500
Data/BL/
 BRANCHEMENT DYNAMIQUE  
 Inst |old_time |old_backt |makespan |old_prop |new_time |new_backt |makespan |new_prop|
bl_20_14 | 0.0120374 | 184 | 18 | 13 | 0.0276258 | 172 | 18 | 329 |  
AVERAGE |3.97329 | 22430.5 | 51568.5 | 3.1060715 | 22331.5 | 53028.0 |  
TIME RATIO  = 127.920105 backtracks= 2.02020-07-17
 06:52:36.321221300
Data/BL/
 BRANCHEMENT STATIQUE  
 Inst |old_time |old_backt |makespan |old_prop |new_time |new_backt |makespan |new_prop|
bl_20_14 | 7.749392 | 44437 | 18 | 107423 | 6.3094554 | 44491 | 18 | 105727 |  
AVERAGE |7.749392 | 44437.0 | 107423.0 | 6.3094554 | 44491.0 | 105727.0 |  
TIME RATIO  = 122.82188 backtracks= 0.02020-07-17
 06:52:50.704486500
Data/BL/
 BRANCHEMENT DYNAMIQUE  
 Inst |old_time |old_backt |makespan |old_prop |new_time |new_backt |makespan |new_prop|
bl_20_14 | 0.0305373 | 172 | 18 | 329 | 0.0261289 | 172 | 18 | 329 |  
AVERAGE |3.8899646 | 22304.5 | 53876.0 | 3.167792 | 22331.5 | 53028.0 |  
TIME RATIO  = 122.79735 backtracks= 0.02020-07-17
 06:53:48.836695
Data/BL/
 BRANCHEMENT STATIQUE  
 Inst |old_time |old_backt |makespan |old_prop |new_time |new_backt |makespan |new_prop|
bl_20_14 | 8.179944 | 44677 | 18 | 103124 | 6.5451384 | 44491 | 18 | 105727 |  
AVERAGE |8.179944 | 44677.0 | 103124.0 | 6.5451384 | 44491.0 | 105727.0 |  
TIME RATIO  = 124.97741 backtracks= 1.02020-07-17
 06:54:03.913575900
Data/BL/
 BRANCHEMENT DYNAMIQUE  
 Inst |old_time |old_backt |makespan |old_prop |new_time |new_backt |makespan |new_prop|
bl_20_14 | 0.0170795 | 184 | 18 | 13 | 0.0357593 | 172 | 18 | 329 |  
AVERAGE |4.0985117 | 22430.5 | 51568.5 | 3.290449 | 22331.5 | 53028.0 |  
TIME RATIO  = 124.55783 backtracks= 2.02020-07-17
 06:55:28.683677400
Data/BL/
 NOUVELLE VERSION  
  BRANCHEMENT STATIQUE  
 Inst |old_time |old_backt |makespan |old_prop |new_time |new_backt |makespan |new_prop|
bl_20_1 | 0.0653179 | 42 | 16 | 89 | 0.0492307 | 42 | 16 | 105 |  
bl_20_2 | 0.0298029 | 63 | 16 | 155 | 0.0329501 | 63 | 16 | 157 |  
bl_20_3 | 300.00015 | 2817618 | -1 | 5269769 | 300.0002 | 1303288 | -1 | 2549583 |  
bl_20_4 | 0.0152283 | 35 | 18 | 36 | 0.0101961 | 35 | 18 | 51 |  
bl_20_5 | 300.00104 | 1064448 | -1 | 1873671 | 300.00037 | 1086278 | -1 | 1985315 |  
bl_20_6 | 0.877982 | 3364 | 16 | 5056 | 0.86036015 | 3364 | 16 | 5077 |  
bl_20_7 | 29.405655 | 124921 | 19 | 173387 | 28.064714 | 123083 | 19 | 179714 |  
bl_20_8 | 300.0004 | 2224597 | -1 | 1404260 | 300.0001 | 2155991 | -1 | 1474662 |  
bl_20_9 | 0.0058096 | 84 | 14 | 54 | 0.0073821 | 84 | 14 | 57 |  
bl_20_10 | 0.067614496 | 381 | 16 | 193 | 0.0526457 | 218 | 16 | 444 |  
bl_20_11 | 0.0015913 | 23 | 17 | 7 | 0.0025878 | 23 | 17 | 10 |  
bl_20_12 | 300.00113 | 1373873 | -1 | 3342858 | 300.00015 | 1293703 | -1 | 3200892 |  
bl_20_13 | 0.0976813 | 334 | 17 | 600 | 0.0961458 | 308 | 17 | 647 |  
bl_20_14 | 17.20806 | 44677 | 18 | 103124 | 15.962369 | 44491 | 18 | 105727 |  
bl_20_15 | 0.2141886 | 1555 | 13 | 1731 | 0.2523213 | 1379 | 13 | 2193 |  
bl_20_16 | 88.047455 | 527847 | 19 | 492478 | 91.387924 | 509943 | 19 | 587224 |  
bl_20_17 | 0.073022306 | 353 | 15 | 520 | 0.0636081 | 303 | 15 | 537 |  
bl_20_18 | 4.694062 | 29219 | 18 | 24000 | 4.727268 | 26745 | 18 | 28030 |  
bl_20_19 | 0.0430423 | 579 | 14 | 121 | 0.0027061 | 22 | 14 | 13 |  
bl_20_20 | 0.1854504 | 880 | 15 | 938 | 0.19628061 | 858 | 15 | 1130 |  
AVERAGE |8.814498 | 45897.312 | 50155.562 | 8.860543 | 44435.062 | 56944.75 |  
TIME RATIO  = 99.48033 backtracks= 10.02020-07-17
 07:40:12.268273700
Data/BL/
 NOUVELLE VERSION  
  BRANCHEMENT DYNAMIQUE  
 Inst |old_time |old_backt |makespan |old_prop |new_time |new_backt |makespan |new_prop|
bl_20_1 | 0.080815695 | 201 | 16 | 230 | 0.09060729 | 186 | 16 | 471 |  
bl_20_2 | 0.0466069 | 382 | 16 | 160 | 0.0493893 | 381 | 16 | 719 |  
bl_20_3 | 1.4541721 | 4935 | 15 | 11737 | 1.5785044 | 4412 | 15 | 12609 |  
bl_20_4 | 0.0025129 | 13 | 18 | 6 | 0.0039519 | 13 | 18 | 16 |  
bl_20_5 | 194.13739 | 841810 | 19 | 1666490 | 240.58603 | 762548 | 19 | 1808350 |  
bl_20_6 | 0.0056357 | 15 | 16 | 19 | 0.003975 | 15 | 16 | 22 |  
bl_20_7 | 9.483345 | 44196 | 19 | 42877 | 5.40579 | 19878 | 19 | 29878 |  
bl_20_8 | 0.1839959 | 1223 | 20 | 954 | 0.1816315 | 1253 | 20 | 860 |  
bl_20_9 | 0.0064363 | 49 | 14 | 25 | 0.0040399 | 23 | 14 | 22 |  
bl_20_10 | 0.0053729 | 18 | 16 | 17 | 0.006229 | 18 | 16 | 25 |  
bl_20_11 | 0.0029224 | 16 | 17 | 2 | 0.0039871 | 16 | 17 | 9 |  
bl_20_12 | 8.531506 | 101492 | 18 | 87628 | 19.076786 | 111205 | 18 | 306153 |  
bl_20_13 | 0.07187191 | 256 | 17 | 332 | 0.0537288 | 266 | 17 | 570 |  
bl_20_14 | 0.0284865 | 184 | 18 | 13 | 0.0595994 | 172 | 18 | 329 |  
bl_20_15 | 0.0074385 | 147 | 13 | 48 | 0.0177592 | 196 | 13 | 306 |  
bl_20_16 | 0.0199453 | 284 | 19 | 7 | 0.0411396 | 194 | 19 | 213 |  
bl_20_17 | 0.1126772 | 802 | 15 | 334 | 0.18146409 | 730 | 15 | 819 |  
bl_20_18 | 6.1219463 | 25187 | 18 | 41618 | 7.3734565 | 24329 | 18 | 43291 |  
bl_20_19 | 0.0037886 | 18 | 14 | 8 | 0.0051149 | 18 | 14 | 14 |  
bl_20_20 | 0.40421128 | 1842 | 15 | 1675 | 0.4119978 | 1523 | 15 | 2129 |  
AVERAGE |10.048418 | 48817.418 | 73796.36 | 11.580663 | 45509.36 | 86608.914 |  
TIME RATIO  = 86.76893 backtracks= 21.02020-07-31
 16:12:36.428850
Data/BL/
 NOUVELLE VERSION  
  BRANCHEMENT STATIQUE  
 Inst |old_time |old_backt |makespan |old_prop |new_time |new_backt |makespan |new_prop|
bl_20_1 | 0.0718693 | 42 | 16 | 88 | 0.0506277 | 42 | 16 | 103 |  
bl_20_2 | 0.0226229 | 63 | 16 | 132 | 0.0147456 | 63 | 16 | 142 |  
bl_20_3 | 300.00015 | 3184195 | -1 | 5809790 | 300.00012 | 3195026 | -1 | 6107469 |  
bl_20_4 | 0.0058614 | 35 | 18 | 39 | 0.0058497 | 35 | 18 | 53 |  
bl_20_5 | 300.0001 | 3422016 | -1 | 5435765 | 300.00006 | 3502535 | -1 | 5856370 |  
bl_20_6 | 0.2192758 | 3112 | 16 | 3708 | 0.2243568 | 3112 | 16 | 3911 |  
bl_20_7 | 9.099228 | 123711 | 19 | 153644 | 8.71345 | 121693 | 19 | 160921 |  
bl_20_8 | 222.62044 | 4560897 | 20 | 3162300 | 219.62381 | 4464173 | 20 | 3329553 |  
bl_20_9 | 0.0054856 | 84 | 14 | 56 | 0.0040526 | 84 | 14 | 59 |  
bl_20_10 | 0.0227578 | 381 | 16 | 193 | 0.024632 | 218 | 16 | 461 |  
bl_20_11 | 9.855E-4 | 23 | 17 | 7 | 9.889E-4 | 23 | 17 | 10 |  
bl_20_12 | 300.0001 | 3822757 | -1 | 9312379 | 300.00006 | 3664036 | -1 | 9090555 |  
bl_20_13 | 0.0305314 | 334 | 17 | 607 | 0.0304899 | 322 | 17 | 636 |  
bl_20_14 | 5.777084 | 42991 | 18 | 97700 | 5.3284793 | 42805 | 18 | 99242 |  
bl_20_15 | 0.0861738 | 1555 | 13 | 1732 | 0.0858627 | 1379 | 13 | 2088 |  
bl_20_16 | 26.432325 | 459573 | 19 | 439372 | 27.390694 | 445271 | 19 | 496664 |  
bl_20_17 | 0.0234301 | 353 | 15 | 520 | 0.0202764 | 303 | 15 | 537 |  
bl_20_18 | 1.6925755 | 29726 | 18 | 23151 | 1.6759739 | 27898 | 18 | 26126 |  
bl_20_19 | 0.0166142 | 579 | 14 | 121 | 9.756E-4 | 22 | 14 | 13 |  
bl_20_20 | 0.061204 | 872 | 15 | 893 | 0.0655748 | 852 | 15 | 1081 |  
AVERAGE |15.658144 | 307313.6 | 228486.06 | 15.485931 | 300487.94 | 242447.06 |  
TIME RATIO  = 101.11205 backtracks= 11.02020-07-31
 16:51:26.271280600
Data/BL/
 NOUVELLE VERSION  
  BRANCHEMENT DYNAMIQUE  
 Inst |old_time |old_backt |makespan |old_prop |new_time |new_backt |makespan |new_prop|
bl_20_1 | 0.0233976 | 201 | 16 | 230 | 0.0312721 | 189 | 16 | 477 |  
bl_20_2 | 0.0280649 | 382 | 16 | 160 | 0.0474201 | 395 | 16 | 785 |  
bl_20_3 | 0.47807652 | 4009 | 15 | 10736 | 0.5695019 | 4448 | 15 | 13018 |  
bl_20_4 | 9.898E-4 | 13 | 18 | 6 | 0.0013251 | 13 | 18 | 16 |  
bl_20_5 | 73.8176 | 868684 | 19 | 1533137 | 71.26512 | 712783 | 19 | 1378080 |  
bl_20_6 | 0.0016 | 15 | 16 | 19 | 0.0018122 | 19 | 16 | 22 |  
bl_20_7 | 3.5957782 | 48085 | 19 | 43400 | 1.7336477 | 18320 | 19 | 27128 |  
bl_20_8 | 0.0637389 | 1223 | 20 | 950 | 0.0688386 | 1253 | 20 | 860 |  
bl_20_9 | 0.0021108 | 49 | 14 | 25 | 0.0015772 | 23 | 14 | 22 |  
bl_20_10 | 0.0011526 | 18 | 16 | 17 | 0.0013438 | 18 | 16 | 25 |  
bl_20_11 | 5.643E-4 | 16 | 17 | 2 | 8.323E-4 | 16 | 17 | 9 |  
bl_20_12 | 6.806427 | 123552 | 18 | 97249 | 10.262694 | 107560 | 18 | 283385 |  
bl_20_13 | 0.0219338 | 278 | 17 | 349 | 0.0242953 | 266 | 17 | 557 |  
bl_20_14 | 0.009004 | 184 | 18 | 13 | 0.0232862 | 172 | 18 | 318 |  
bl_20_15 | 0.0059267 | 147 | 13 | 48 | 0.0137328 | 196 | 13 | 314 |  
bl_20_16 | 0.0090201 | 284 | 19 | 7 | 0.0125774 | 194 | 19 | 231 |  
bl_20_17 | 0.0433866 | 802 | 15 | 348 | 0.0548447 | 730 | 15 | 837 |  
bl_20_18 | 1.8639678 | 22927 | 18 | 35284 | 2.170794 | 21669 | 18 | 37253 |  
bl_20_19 | 8.996E-4 | 18 | 14 | 8 | 0.0011098 | 18 | 14 | 14 |  
bl_20_20 | 0.136252 | 1872 | 15 | 1760 | 0.1426674 | 1565 | 15 | 2249 |  
AVERAGE |9.543198 | 170191.62 | 151567.86 | 9.451068 | 161571.4 | 158572.97 |  
TIME RATIO  = 100.97481 backtracks= 22.02020-07-31
 17:14:11.607287900
Data/BL/
 NOUVELLE VERSION  
  BRANCHEMENT STATIQUE  
 Inst |old_time |old_backt |makespan |old_prop |new_time |new_backt |makespan |new_prop|
bl_25_4 | 15.196458 | 186604 | 22 | 131739 | 8.591888 | 78881 | 22 | 106621 |  
bl_25_5 | 300.0005 | 6542235 | -1 | 4272224 | 300.00027 | 4820395 | -1 | 4111579 |  
bl_25_6 | 4.423914 | 82851 | 33 | 17047 | 5.975654 | 72139 | 33 | 27455 |  
bl_25_7 | 300.00012 | 4852620 | -1 | 1914405 | 300.00006 | 5072275 | -1 | 2013257 |  
bl_25_8 | 300.00006 | 4662861 | -1 | 2861682 | 300.0001 | 3843977 | -1 | 3541106 |  
bl_25_9 | 232.7031 | 2116941 | 27 | 2108773 | 219.18391 | 2118227 | 27 | 2222507 |  
bl_25_10 | 3.6664407 | 64554 | 23 | 47786 | 3.6492798 | 59362 | 23 | 41104 |  
bl_25_11 | 0.4605988 | 4192 | 24 | 6276 | 0.5308879 | 2940 | 24 | 12172 |  
bl_25_12 | 300.0001 | 5302554 | -1 | 437438 | 300.00006 | 5349437 | -1 | 460240 |  
bl_25_13 | 41.865395 | 1021633 | 17 | 434863 | 42.61631 | 1018337 | 17 | 454063 |  
bl_25_14 | 52.946095 | 326688 | 30 | 777807 | 56.72054 | 296200 | 30 | 998067 |  
bl_25_15 | 0.88173246 | 5167 | 20 | 12372 | 0.8929513 | 4549 | 20 | 14444 |  
bl_25_16 | 106.196106 | 1596301 | 20 | 1260493 | 112.74402 | 1618313 | 20 | 1579165 |  
bl_25_17 | 8.042231 | 85496 | 26 | 62295 | 6.6727858 | 79825 | 26 | 66611 |  
bl_25_18 | 300.00015 | 4244078 | -1 | 1885614 | 300.0001 | 3170617 | -1 | 3284104 |  
bl_25_19 | 300.00006 | 5813074 | -1 | 2455722 | 300.00012 | 5547432 | -1 | 2619229 |  
bl_25_20 | 300.00003 | 8907876 | -1 | 526842 | 109.79797 | 2575275 | 28 | 312917 |  
AVERAGE |46.638206 | 549042.7 | 485945.1 | 45.757824 | 534877.3 | 552220.9 |  
TIME RATIO  = 101.924 backtracks= 8.02020-07-31
 18:36:25.853852
Data/BL/
 NOUVELLE VERSION  
  BRANCHEMENT DYNAMIQUE  
 Inst |old_time |old_backt |makespan |old_prop |new_time |new_backt |makespan |new_prop|
bl_25_4 | 0.1243714 | 863 | 22 | 903 | 0.0856368 | 459 | 22 | 1140 |  
bl_25_5 | 1.5034384 | 22981 | 28 | 14673 | 0.8337499 | 8167 | 28 | 10076 |  
bl_25_6 | 0.0467018 | 680 | 33 | 224 | 0.0704606 | 588 | 33 | 431 |  
bl_25_7 | 300.00006 | 2554256 | -1 | 2304726 | 300.00015 | 1908121 | -1 | 2812492 |  
bl_25_8 | 0.7159029 | 6718 | 24 | 7774 | 1.1516817 | 6122 | 24 | 18958 |  
bl_25_9 | 0.54620606 | 3526 | 27 | 6304 | 0.4599521 | 2752 | 27 | 6181 |  
bl_25_10 | 0.0016994 | 18 | 23 | 6 | 0.0021729 | 18 | 23 | 14 |  
bl_25_11 | 0.1116252 | 1148 | 24 | 1042 | 0.0306491 | 209 | 24 | 583 |  
bl_25_12 | 300.0001 | 2719825 | -1 | 1390263 | 300.00003 | 2424741 | -1 | 1512043 |  
bl_25_13 | 0.16119711 | 2732 | 17 | 1644 | 0.1897788 | 3382 | 17 | 1101 |  
bl_25_14 | 0.9143806 | 9696 | 30 | 5044 | 1.2912236 | 13421 | 30 | 7097 |  
bl_25_15 | 0.0508416 | 305 | 20 | 637 | 0.0460232 | 270 | 20 | 570 |  
bl_25_16 | 0.1233874 | 1252 | 20 | 1004 | 0.11802 | 1118 | 20 | 1124 |  
bl_25_17 | 0.674456 | 7609 | 26 | 2609 | 0.7369653 | 5339 | 26 | 6145 |  
bl_25_18 | 10.229583 | 178815 | 23 | 14791 | 11.834807 | 74282 | 23 | 167775 |  
bl_25_19 | 1.7056705 | 19935 | 23 | 9796 | 1.6733725 | 14377 | 23 | 13789 |  
bl_25_20 | 13.738763 | 186754 | 28 | 35982 | 17.35585 | 128679 | 28 | 137555 |  
AVERAGE |19.881212 | 237338.36 | 198475.36 | 19.738342 | 224318.23 | 235789.92 |  
TIME RATIO  = 100.723816 backtracks= 20.0
2020-07-31
 21:10:49.766114400
Data/BL/
 NOUVELLE VERSION  
  BRANCHEMENT STATIQUE  
 Inst |old_time |old_backt |makespan |old_prop |new_time |new_backt |makespan |new_prop|
bl_20_1 | 0.07238471 | 42 | 16 | 103 | 0.0382043 | 42 | 16 | 103 |  
bl_20_2 | 0.0237031 | 63 | 16 | 156 | 0.0230393 | 63 | 16 | 142 |  
bl_20_3 | 60.000217 | 577623 | -1 | 1118109 | 60.000156 | 637008 | -1 | 1214306 |  
bl_20_4 | 0.0045512 | 35 | 18 | 56 | 0.004491 | 35 | 18 | 53 |  
bl_20_5 | 60.00008 | 697317 | -1 | 1185720 | 60.000156 | 687726 | -1 | 1139340 |  
bl_20_6 | 0.232677 | 3112 | 16 | 4051 | 0.2217683 | 3112 | 16 | 3911 |  
bl_20_7 | 9.439507 | 121773 | 19 | 166811 | 8.902539 | 121693 | 19 | 160921 |  
bl_20_8 | 60.000126 | 1353328 | -1 | 839711 | 60.000046 | 1344921 | -1 | 823705 |  
bl_20_9 | 0.0050827 | 84 | 14 | 59 | 0.0044147 | 84 | 14 | 59 |  
bl_20_10 | 0.0307018 | 218 | 16 | 468 | 0.0237051 | 218 | 16 | 461 |  
bl_20_11 | 0.0016118 | 23 | 17 | 10 | 0.0020276 | 23 | 17 | 10 |  
bl_20_12 | 60.00044 | 735913 | -1 | 1858930 | 60.00003 | 737571 | -1 | 1815409 |  
bl_20_13 | 0.0498192 | 322 | 17 | 641 | 0.0349093 | 322 | 17 | 636 |  
bl_20_14 | 5.3797374 | 42751 | 18 | 100657 | 5.278344 | 42805 | 18 | 99242 |  
bl_20_15 | 0.0925954 | 1379 | 13 | 2135 | 0.0852032 | 1379 | 13 | 2088 |  
bl_20_16 | 28.094822 | 451555 | 19 | 521776 | 27.475826 | 445271 | 19 | 496664 |  
bl_20_17 | 0.0213755 | 303 | 15 | 537 | 0.0202986 | 303 | 15 | 537 |  
bl_20_18 | 1.7037416 | 27910 | 18 | 29287 | 1.6364279 | 27898 | 18 | 26126 |  
bl_20_19 | 9.245E-4 | 22 | 14 | 13 | 9.73E-4 | 22 | 14 | 13 |  
bl_20_20 | 0.0712447 | 852 | 15 | 1144 | 0.075922 | 852 | 15 | 1081 |  
AVERAGE |2.8265297 | 40652.75 | 51744.0 | 2.739256 | 40257.625 | 49502.938 |  
TIME RATIO  = 103.18605 backtracks= 3.0
2020-07-31
 21:20:19.325123700
Data/BL/
 NOUVELLE VERSION  
  BRANCHEMENT DYNAMIQUE  
 Inst |old_time |old_backt |makespan |old_prop |new_time |new_backt |makespan |new_prop|
bl_20_1 | 0.0374802 | 189 | 16 | 477 | 0.0323064 | 189 | 16 | 477 |  
bl_20_2 | 0.0458802 | 395 | 16 | 792 | 0.0398754 | 395 | 16 | 785 |  
bl_20_3 | 0.5537434 | 4141 | 15 | 12026 | 0.6512314 | 4448 | 15 | 13018 |  
bl_20_4 | 0.0014257 | 13 | 18 | 16 | 0.001358 | 13 | 18 | 16 |  
bl_20_5 | 60.000412 | 608815 | -1 | 1207090 | 60.000053 | 601605 | -1 | 1159964 |  
bl_20_6 | 0.0018025 | 19 | 16 | 22 | 0.0016899 | 19 | 16 | 22 |  
bl_20_7 | 1.8005635 | 19224 | 19 | 28164 | 1.7261559 | 18320 | 19 | 27128 |  
bl_20_8 | 0.0748249 | 1253 | 20 | 863 | 0.0843598 | 1253 | 20 | 860 |  
bl_20_9 | 0.0015156 | 23 | 14 | 22 | 0.001532 | 23 | 14 | 22 |  
bl_20_10 | 0.0015337 | 18 | 16 | 25 | 0.0016177 | 18 | 16 | 25 |  
bl_20_11 | 9.475E-4 | 16 | 17 | 9 | 0.0021885 | 16 | 17 | 9 |  
bl_20_12 | 9.024429 | 92794 | 18 | 251462 | 10.231814 | 107560 | 18 | 283385 |  
bl_20_13 | 0.0254793 | 266 | 17 | 557 | 0.0248665 | 266 | 17 | 557 |  
bl_20_14 | 0.0231801 | 172 | 18 | 318 | 0.0224327 | 172 | 18 | 318 |  
bl_20_15 | 0.0125997 | 196 | 13 | 304 | 0.0138242 | 196 | 13 | 314 |  
bl_20_16 | 0.0130212 | 194 | 19 | 236 | 0.0124374 | 194 | 19 | 231 |  
bl_20_17 | 0.0579347 | 742 | 15 | 854 | 0.0557233 | 730 | 15 | 837 |  
bl_20_18 | 2.136427 | 21699 | 18 | 38630 | 2.1416922 | 21669 | 18 | 37253 |  
bl_20_19 | 0.0012347 | 18 | 14 | 14 | 0.0011179 | 18 | 14 | 14 |  
bl_20_20 | 0.15316351 | 1541 | 15 | 2484 | 0.162502 | 1565 | 15 | 2249 |  
AVERAGE |1.6911904 | 22667.344 | 33290.83 | 1.6867664 | 22891.03 | 33130.484 |  
TIME RATIO  = 100.262276 backtracks= 6.0
2020-08-01
 08:57:18.854947600
Data/BL/
 NOUVELLE VERSION  
  BRANCHEMENT STATIQUE  
 Inst |old_time |old_backt |makespan |old_prop |new_time |new_backt |makespan |new_prop|
bl_20_1 | 0.0576925 | 42 | 16 | 103 | 0.0414578 | 42 | 16 | 103 |  
bl_20_2 | 0.035913 | 63 | 16 | 156 | 0.0199292 | 63 | 16 | 152 |  
bl_20_3 | 60.000153 | 590811 | -1 | 1148748 | 60.00008 | 644444 | -1 | 1245280 |  
bl_20_4 | 0.0047543 | 35 | 18 | 56 | 0.0037897 | 35 | 18 | 53 |  
bl_20_5 | 60.000202 | 738404 | -1 | 1238271 | 60.000046 | 727138 | -1 | 1204053 |  
bl_20_6 | 0.22696461 | 3112 | 16 | 4051 | 0.2191705 | 3112 | 16 | 4051 |  
bl_20_7 | 8.541151 | 121773 | 19 | 166811 | 8.804585 | 121737 | 19 | 164303 |  
bl_20_8 | 60.0001 | 1418195 | -1 | 890069 | 60.00004 | 1381959 | -1 | 859840 |  
bl_20_9 | 0.0057693 | 84 | 14 | 59 | 0.0038921 | 84 | 14 | 59 |  
bl_20_10 | 0.0230702 | 218 | 16 | 468 | 0.0232513 | 218 | 16 | 468 |  
bl_20_11 | 0.0012889 | 23 | 17 | 10 | 0.0011307 | 23 | 17 | 10 |  
bl_20_12 | 60.000042 | 769200 | -1 | 1952711 | 60.000053 | 748128 | -1 | 1899549 |  
bl_20_13 | 0.030834 | 322 | 17 | 641 | 0.0293536 | 322 | 17 | 636 |  
bl_20_14 | 5.250915 | 42751 | 18 | 100657 | 5.17848 | 42805 | 18 | 100004 |  
bl_20_15 | 0.083367 | 1379 | 13 | 2135 | 0.0853762 | 1379 | 13 | 2088 |  
bl_20_16 | 27.25059 | 451555 | 19 | 521776 | 28.168503 | 445271 | 19 | 498182 |  
bl_20_17 | 0.0260181 | 303 | 15 | 537 | 0.0224994 | 303 | 15 | 537 |  
bl_20_18 | 1.6188781 | 27910 | 18 | 29287 | 1.5681251 | 27898 | 18 | 27385 |  
bl_20_19 | 9.974E-4 | 22 | 14 | 13 | 0.001064 | 22 | 14 | 13 |  
bl_20_20 | 0.0642348 | 852 | 15 | 1144 | 0.0638135 | 852 | 15 | 1151 |  
AVERAGE |2.7014022 | 40652.75 | 51744.0 | 2.7646513 | 40260.375 | 49949.688 |  
TIME RATIO  = 97.71222 backtracks= 3.0
2020-08-01
 09:06:46.864437800
Data/BL/
 NOUVELLE VERSION  
  BRANCHEMENT DYNAMIQUE  
 Inst |old_time |old_backt |makespan |old_prop |new_time |new_backt |makespan |new_prop|
bl_20_1 | 0.0430727 | 189 | 16 | 477 | 0.0352812 | 189 | 16 | 477 |  
bl_20_2 | 0.0470485 | 395 | 16 | 792 | 0.0408095 | 395 | 16 | 795 |  
bl_20_3 | 0.5291804 | 4141 | 15 | 12026 | 0.6531736 | 4448 | 15 | 13093 |  
bl_20_4 | 0.0014584 | 13 | 18 | 16 | 0.0014933 | 13 | 18 | 16 |  
bl_20_5 | 60.000225 | 638207 | -1 | 1265032 | 60.00006 | 620405 | -1 | 1224543 |  
bl_20_6 | 0.0018084 | 19 | 16 | 22 | 0.002027 | 19 | 16 | 22 |  
bl_20_7 | 1.7309223 | 19224 | 19 | 28164 | 1.7267005 | 18489 | 19 | 27748 |  
bl_20_8 | 0.0603386 | 1253 | 20 | 863 | 0.0657912 | 1253 | 20 | 863 |  
bl_20_9 | 0.0019544 | 23 | 14 | 22 | 0.0015577 | 23 | 14 | 22 |  
bl_20_10 | 0.0013671 | 18 | 16 | 25 | 0.001708 | 18 | 16 | 25 |  
bl_20_11 | 9.095E-4 | 16 | 17 | 9 | 8.529E-4 | 16 | 17 | 9 |  
bl_20_12 | 8.353953 | 92794 | 18 | 251462 | 8.968379 | 95966 | 18 | 257477 |  
bl_20_13 | 0.0233078 | 266 | 17 | 557 | 0.0251535 | 266 | 17 | 557 |  
bl_20_14 | 0.0224895 | 172 | 18 | 318 | 0.0223244 | 172 | 18 | 318 |  
bl_20_15 | 0.0123806 | 196 | 13 | 304 | 0.0135328 | 196 | 13 | 314 |  
bl_20_16 | 0.0120676 | 194 | 19 | 236 | 0.0120919 | 194 | 19 | 231 |  
bl_20_17 | 0.0554015 | 742 | 15 | 854 | 0.0559703 | 730 | 15 | 845 |  
bl_20_18 | 2.0548816 | 21699 | 18 | 38630 | 2.1045687 | 21779 | 18 | 38318 |  
bl_20_19 | 0.0013434 | 18 | 14 | 14 | 0.0011753 | 18 | 14 | 14 |  
bl_20_20 | 0.14455901 | 1541 | 15 | 2484 | 0.1465028 | 1565 | 15 | 2516 |  
AVERAGE |1.6091675 | 22667.344 | 33290.83 | 1.6603862 | 22569.0 | 32653.0 |  
TIME RATIO  = 96.91525 backtracks= 5.0
2020-08-01
 09:30:54.457633500
Data/BL/
 NOUVELLE VERSION  
  BRANCHEMENT STATIQUE  
 Inst |old_time |old_backt |makespan |old_prop |new_time |new_backt |makespan |new_prop|
bl_20_1 | 0.0657641 | 42 | 16 | 103 | 0.0429362 | 42 | 16 | 103 |  
bl_20_2 | 0.0237838 | 63 | 16 | 143 | 0.0256109 | 63 | 16 | 143 |  
bl_20_3 | 60.000107 | 612953 | -1 | 1163313 | 60.000072 | 590988 | -1 | 1134375 |  
bl_20_4 | 0.0035534 | 35 | 18 | 56 | 0.0037159 | 35 | 18 | 56 |  
bl_20_5 | 60.000053 | 719040 | -1 | 1180392 | 60.00025 | 654750 | -1 | 1097216 |  
bl_20_6 | 0.2253451 | 3112 | 16 | 3911 | 0.2259102 | 3112 | 16 | 3911 |  
bl_20_7 | 9.200017 | 121729 | 19 | 162598 | 9.623974 | 121729 | 19 | 163877 |  
bl_20_8 | 60.000072 | 1273096 | -1 | 785023 | 60.000046 | 1244238 | -1 | 772449 |  
bl_20_9 | 0.0040583 | 84 | 14 | 57 | 0.0043749 | 84 | 14 | 59 |  
bl_20_10 | 0.024741 | 218 | 16 | 467 | 0.0261999 | 218 | 16 | 467 |  
bl_20_11 | 9.296E-4 | 23 | 17 | 10 | 0.0010244 | 23 | 17 | 10 |  
bl_20_12 | 60.01114 | 685650 | -1 | 1659652 | 60.00016 | 666252 | -1 | 1618613 |  
bl_20_13 | 0.0357571 | 322 | 17 | 626 | 0.0332023 | 322 | 17 | 629 |  
bl_20_14 | 5.5632157 | 42751 | 18 | 98820 | 5.888234 | 42751 | 18 | 99721 |  
bl_20_15 | 0.0904412 | 1379 | 13 | 2135 | 0.094525695 | 1379 | 13 | 2135 |  
bl_20_16 | 28.421896 | 451555 | 19 | 514402 | 30.036814 | 451555 | 19 | 517656 |  
bl_20_17 | 0.0217373 | 303 | 15 | 537 | 0.0206253 | 303 | 15 | 537 |  
bl_20_18 | 1.6488656 | 27910 | 18 | 27255 | 1.7570736 | 27910 | 18 | 27976 |  
bl_20_19 | 9.056E-4 | 22 | 14 | 13 | 9.256E-4 | 22 | 14 | 13 |  
bl_20_20 | 0.0660579 | 852 | 15 | 1086 | 0.068911105 | 852 | 15 | 1086 |  
AVERAGE |2.8373165 | 40650.0 | 50763.688 | 2.9908788 | 40650.0 | 51148.688 |  
TIME RATIO  = 94.86565 backtracks= 0.0
2020-08-01
 09:40:28.168313400
Data/BL/
 NOUVELLE VERSION  
  BRANCHEMENT DYNAMIQUE  
 Inst |old_time |old_backt |makespan |old_prop |new_time |new_backt |makespan |new_prop|
bl_20_1 | 0.0379863 | 189 | 16 | 477 | 0.0333265 | 189 | 16 | 477 |  
bl_20_2 | 0.043463 | 395 | 16 | 782 | 0.041905 | 395 | 16 | 782 |  
bl_20_3 | 0.59592074 | 4715 | 15 | 13062 | 0.6462398 | 4696 | 15 | 13304 |  
bl_20_4 | 0.0013181 | 13 | 18 | 16 | 0.0012888 | 13 | 18 | 16 |  
bl_20_5 | 60.000042 | 603163 | -1 | 1165608 | 60.00049 | 559425 | -1 | 1087039 |  
bl_20_6 | 0.0015386 | 19 | 16 | 22 | 0.0017504 | 19 | 16 | 22 |  
bl_20_7 | 1.839237 | 19118 | 19 | 27639 | 1.8838861 | 19118 | 19 | 27775 |  
bl_20_8 | 0.067627 | 1253 | 20 | 860 | 0.0719126 | 1253 | 20 | 860 |  
bl_20_9 | 0.0013619 | 23 | 14 | 22 | 0.0027685 | 23 | 14 | 22 |  
bl_20_10 | 0.0015249 | 18 | 16 | 25 | 0.0014581 | 18 | 16 | 25 |  
bl_20_11 | 7.916E-4 | 16 | 17 | 9 | 7.833E-4 | 16 | 17 | 9 |  
bl_20_12 | 10.727748 | 112011 | 18 | 302008 | 11.516239 | 111976 | 18 | 300205 |  
bl_20_13 | 0.0358478 | 266 | 17 | 557 | 0.0257472 | 266 | 17 | 557 |  
bl_20_14 | 0.0248787 | 172 | 18 | 318 | 0.0229016 | 172 | 18 | 318 |  
bl_20_15 | 0.0130196 | 196 | 13 | 304 | 0.0143197 | 196 | 13 | 304 |  
bl_20_16 | 0.0119671 | 194 | 19 | 236 | 0.0128209 | 194 | 19 | 231 |  
bl_20_17 | 0.0580136 | 742 | 15 | 846 | 0.0579922 | 742 | 15 | 845 |  
bl_20_18 | 2.2352445 | 21593 | 18 | 37574 | 2.270122 | 21593 | 18 | 37726 |  
bl_20_19 | 0.0011569 | 18 | 14 | 14 | 0.0011154 | 18 | 14 | 14 |  
bl_20_20 | 0.1462408 | 1541 | 15 | 2209 | 0.1498574 | 1541 | 15 | 2202 |  
AVERAGE |1.7497702 | 23225.486 | 34262.83 | 1.846014 | 23223.943 | 34402.086 |  
TIME RATIO  = 94.7864 backtracks= 2.0
2020-08-01
 09:51:52.314036800
Data/BL/
 NOUVELLE VERSION  
  BRANCHEMENT STATIQUE  
 Inst |old_time |old_backt |makespan |old_prop |new_time |new_backt |makespan |new_prop|
bl_20_1 | 0.0605787 | 42 | 16 | 103 | 0.0522514 | 42 | 16 | 103 |  
bl_20_2 | 0.02382 | 63 | 16 | 143 | 0.0219503 | 63 | 16 | 152 |  
bl_20_3 | 60.00015 | 624890 | -1 | 1185431 | 60.000313 | 622460 | -1 | 1200264 |  
bl_20_4 | 0.0049339 | 35 | 18 | 56 | 0.0037038 | 35 | 18 | 53 |  
bl_20_5 | 60.000088 | 713720 | -1 | 1174461 | 60.00009 | 669032 | -1 | 1130344 |  
bl_20_6 | 0.21936929 | 3112 | 16 | 3911 | 0.2343442 | 3112 | 16 | 4051 |  
bl_20_7 | 8.721301 | 121729 | 19 | 162598 | 9.108156 | 121737 | 19 | 164303 |  
bl_20_8 | 60.000095 | 1358460 | -1 | 832645 | 60.00007 | 1274501 | -1 | 797483 |  
bl_20_9 | 0.0039178 | 84 | 14 | 57 | 0.0041125 | 84 | 14 | 59 |  
bl_20_10 | 0.0246185 | 218 | 16 | 467 | 0.0249994 | 218 | 16 | 468 |  
bl_20_11 | 9.384E-4 | 23 | 17 | 10 | 0.0010257 | 23 | 17 | 10 |  
bl_20_12 | 60.00016 | 741408 | -1 | 1810873 | 60.000114 | 643287 | -1 | 1605806 |  
bl_20_13 | 0.0313096 | 322 | 17 | 626 | 0.0332054 | 322 | 17 | 636 |  
bl_20_14 | 5.519973 | 42751 | 18 | 98820 | 5.8194327 | 42805 | 18 | 100004 |  
bl_20_15 | 0.0948118 | 1379 | 13 | 2135 | 0.101519294 | 1379 | 13 | 2088 |  
bl_20_16 | 30.473442 | 451555 | 19 | 514402 | 30.831812 | 445271 | 19 | 498182 |  
bl_20_17 | 0.0219697 | 303 | 15 | 537 | 0.0216073 | 303 | 15 | 537 |  
bl_20_18 | 1.7269744 | 27910 | 18 | 27255 | 2.014314 | 27898 | 18 | 27385 |  
bl_20_19 | 0.0012093 | 22 | 14 | 13 | 9.381E-4 | 22 | 14 | 13 |  
bl_20_20 | 0.06559 | 852 | 15 | 1086 | 0.0688476 | 852 | 15 | 1151 |  
AVERAGE |2.9371722 | 40650.0 | 50763.688 | 3.0213888 | 40260.375 | 49949.688 |  
TIME RATIO  = 97.212654 backtracks= 2.0
2020-08-01
 10:01:28.149451100
Data/BL/
 NOUVELLE VERSION  
  BRANCHEMENT DYNAMIQUE  
 Inst |old_time |old_backt |makespan |old_prop |new_time |new_backt |makespan |new_prop|
bl_20_1 | 0.030347 | 189 | 16 | 477 | 0.035836 | 189 | 16 | 477 |  
bl_20_2 | 0.0444889 | 395 | 16 | 782 | 0.0405049 | 395 | 16 | 795 |  
bl_20_3 | 0.60866576 | 4715 | 15 | 13062 | 0.619193 | 4448 | 15 | 13093 |  
bl_20_4 | 0.0012428 | 13 | 18 | 16 | 0.0012942 | 13 | 18 | 16 |  
bl_20_5 | 60.000187 | 586526 | -1 | 1133617 | 60.000103 | 564004 | -1 | 1117997 |  
bl_20_6 | 0.0031117 | 19 | 16 | 22 | 0.0030857 | 19 | 16 | 22 |  
bl_20_7 | 1.7882843 | 19118 | 19 | 27639 | 1.829005 | 18489 | 19 | 27748 |  
bl_20_8 | 0.0667689 | 1253 | 20 | 860 | 0.0704702 | 1253 | 20 | 863 |  
bl_20_9 | 0.0014738 | 23 | 14 | 22 | 0.0014281 | 23 | 14 | 22 |  
bl_20_10 | 0.00138 | 18 | 16 | 25 | 0.0016077 | 18 | 16 | 25 |  
bl_20_11 | 7.656E-4 | 16 | 17 | 9 | 7.971E-4 | 16 | 17 | 9 |  
bl_20_12 | 10.527286 | 112011 | 18 | 302008 | 10.014457 | 95966 | 18 | 257477 |  
bl_20_13 | 0.0352958 | 266 | 17 | 557 | 0.0403306 | 266 | 17 | 557 |  
bl_20_14 | 0.024996 | 172 | 18 | 318 | 0.0236475 | 172 | 18 | 318 |  
bl_20_15 | 0.0129759 | 196 | 13 | 304 | 0.0137121 | 196 | 13 | 314 |  
bl_20_16 | 0.0122695 | 194 | 19 | 236 | 0.0123798 | 194 | 19 | 231 |  
bl_20_17 | 0.0610186 | 742 | 15 | 846 | 0.0562915 | 730 | 15 | 845 |  
bl_20_18 | 2.149606 | 21593 | 18 | 37574 | 2.4675026 | 21779 | 18 | 38318 |  
bl_20_19 | 0.0013176 | 18 | 14 | 14 | 0.0017627 | 18 | 14 | 14 |  
bl_20_20 | 0.1643479 | 1541 | 15 | 2209 | 0.1727313 | 1565 | 15 | 2516 |  
AVERAGE |1.7865828 | 23225.486 | 34262.83 | 1.8213786 | 22569.0 | 32653.0 |  
TIME RATIO  = 98.08959 backtracks= 6.0
2020-08-01
 10:47:38.009156500
Data/BL/
 NOUVELLE VERSION  
  BRANCHEMENT STATIQUE  
 Inst |old_time |old_backt |makespan |old_prop |new_time |new_backt |makespan |new_prop|
bl_20_1 | 0.076335296 | 42 | 16 | 103 | 0.0564217 | 42 | 16 | 103 |  
bl_20_2 | 0.0397513 | 63 | 16 | 143 | 0.0225621 | 63 | 16 | 143 |  
bl_20_3 | 60.00013 | 627769 | -1 | 1189622 | 60.000065 | 638524 | -1 | 1221612 |  
bl_20_4 | 0.0036244 | 35 | 18 | 56 | 0.003792 | 35 | 18 | 56 |  
bl_20_5 | 60.000114 | 739176 | -1 | 1216608 | 60.00044 | 692347 | -1 | 1156806 |  
bl_20_6 | 0.2174855 | 3112 | 16 | 3911 | 0.2183799 | 3112 | 16 | 3911 |  
bl_20_7 | 8.740939 | 121729 | 19 | 162598 | 8.724634 | 121729 | 19 | 163877 |  
bl_20_8 | 60.0001 | 1375371 | -1 | 841898 | 60.00012 | 1317640 | -1 | 811720 |  
bl_20_9 | 0.0038743 | 84 | 14 | 57 | 0.00406 | 84 | 14 | 59 |  
bl_20_10 | 0.0231132 | 218 | 16 | 467 | 0.0240426 | 218 | 16 | 467 |  
bl_20_11 | 0.0017097 | 23 | 17 | 10 | 0.001048 | 23 | 17 | 10 |  
bl_20_12 | 60.00014 | 749885 | -1 | 1835664 | 60.00006 | 679287 | -1 | 1651031 |  
bl_20_13 | 0.0356239 | 322 | 17 | 626 | 0.0321688 | 322 | 17 | 629 |  
bl_20_14 | 5.5589647 | 42751 | 18 | 98820 | 5.736102 | 42751 | 18 | 99721 |  
bl_20_15 | 0.088166706 | 1379 | 13 | 2135 | 0.0938176 | 1379 | 13 | 2135 |  
bl_20_16 | 28.458344 | 451555 | 19 | 514402 | 29.181263 | 451555 | 19 | 517656 |  
bl_20_17 | 0.0217412 | 303 | 15 | 537 | 0.0199979 | 303 | 15 | 537 |  
bl_20_18 | 1.6404419 | 27910 | 18 | 27255 | 1.7408993 | 27910 | 18 | 27976 |  
bl_20_19 | 9.661E-4 | 22 | 14 | 13 | 0.0020874 | 22 | 14 | 13 |  
bl_20_20 | 0.0646773 | 852 | 15 | 1086 | 0.0842262 | 852 | 15 | 1086 |  
AVERAGE |2.8109848 | 40650.0 | 50763.688 | 2.8715935 | 40650.0 | 51148.688 |  
TIME RATIO  = 97.88937 backtracks= 0.0
2020-08-01
 10:57:09.459260600
Data/BL/
 NOUVELLE VERSION  
  BRANCHEMENT DYNAMIQUE  
 Inst |old_time |old_backt |makespan |old_prop |new_time |new_backt |makespan |new_prop|
bl_20_1 | 0.0406917 | 189 | 16 | 477 | 0.0363684 | 189 | 16 | 477 |  
bl_20_2 | 0.0418437 | 395 | 16 | 782 | 0.0401952 | 395 | 16 | 782 |  
bl_20_3 | 0.5880426 | 4715 | 15 | 13062 | 0.61697704 | 4696 | 15 | 13304 |  
bl_20_4 | 0.0012534 | 13 | 18 | 16 | 0.0013315 | 13 | 18 | 16 |  
bl_20_5 | 10857.641 | 581286 | -1 | 1124896 | 10803.001 | 22296 | -1 | 41622 |  
bl_20_6 | 0.0022746 | 19 | 16 | 22 | 0.0018966 | 19 | 16 | 22 |  
bl_20_7 | 2.733484 | 19118 | 19 | 27639 | 10800.256 | 3925 | -1 | 4190 |  
bl_20_8 | 0.1803264 | 1253 | 20 | 860 | 0.1064464 | 1253 | 20 | 860 |  
bl_20_9 | 0.0021867 | 23 | 14 | 22 | 0.0018151 | 23 | 14 | 22 |  
bl_20_10 | 0.0015951 | 18 | 16 | 25 | 0.0020677 | 18 | 16 | 25 |  
bl_20_11 | 9.205E-4 | 16 | 17 | 9 | 0.0011542 | 16 | 17 | 9 |  
bl_20_12 | 10801.298 | 9487 | -1 | 29243 | 166710.06 | 28248 | -1 | 84600 |  
bl_20_13 | 0.1385695 | 266 | 17 | 557 | 0.091309294 | 266 | 17 | 557 |  
bl_20_14 | 0.0556039 | 172 | 18 | 318 | 0.0495619 | 172 | 18 | 318 |  
bl_20_15 | 0.0264039 | 196 | 13 | 304 | 0.026069 | 196 | 13 | 304 |  
bl_20_16 | 0.0232819 | 194 | 19 | 236 | 0.0258346 | 194 | 19 | 231 |  
bl_20_17 | 0.0921102 | 742 | 15 | 846 | 0.2196888 | 742 | 15 | 845 |  
bl_20_18 | 3.78892 | 21593 | 18 | 37574 | 3.1568346 | 21593 | 18 | 37726 |  
bl_20_19 | 0.001993 | 18 | 14 | 14 | 0.001754 | 18 | 14 | 14 |  
bl_20_20 | 0.1915499 | 1541 | 15 | 2209 | 0.2092237 | 1541 | 15 | 2202 |  
AVERAGE |1.5197976 | 20659.484 | 26350.06 | 1.531334 | 20658.908 | 26548.273 |  
TIME RATIO  = 99.246635 backtracks= 1.0
2020-08-05
 20:05:12.260412200
Data/BL/
 NOUVELLE VERSION  
  BRANCHEMENT STATIQUE  
 Inst |old_time |old_backt |makespan |old_prop |new_time |new_backt |makespan |new_prop|
bl_20_1 | 0.574968 | 42 | 16 | 103 | 0.1868538 | 42 | 16 | 103 |  
bl_20_2 | 0.20580178 | 63 | 16 | 143 | 0.1916802 | 63 | 16 | 152 |  
bl_20_3 | 60.000675 | 173552 | -1 | 328536 | 60.00016 | 193327 | -1 | 374405 |  
bl_20_4 | 0.016117 | 35 | 18 | 56 | 0.0139557 | 35 | 18 | 53 |  
bl_20_5 | 60.000084 | 207387 | -1 | 340113 | 60.000046 | 209564 | -1 | 348378 |  
bl_20_6 | 0.7673038 | 3112 | 16 | 3911 | 0.7515381 | 3112 | 16 | 4051 |  
bl_20_7 | 30.197145 | 121729 | 19 | 162598 | 29.097834 | 121737 | 19 | 164303 |  
bl_20_8 | 60.000088 | 357310 | -1 | 255399 | 60.000088 | 342547 | -1 | 246805 |  
bl_20_9 | 0.0185221 | 84 | 14 | 57 | 0.0166811 | 84 | 14 | 59 |  
bl_20_10 | 0.0958487 | 218 | 16 | 467 | 0.0926519 | 218 | 16 | 468 |  
bl_20_11 | 0.0042889 | 23 | 17 | 10 | 0.0052714 | 23 | 17 | 10 |  
bl_20_12 | 60.000324 | 202583 | -1 | 471665 | 60.000366 | 207140 | -1 | 493393 |  
bl_20_13 | 0.1125498 | 322 | 17 | 626 | 0.115168095 | 322 | 17 | 636 |  
bl_20_14 | 19.23872 | 42751 | 18 | 98820 | 18.500856 | 42805 | 18 | 100004 |  
bl_20_15 | 0.3527502 | 1379 | 13 | 2135 | 0.34087262 | 1379 | 13 | 2088 |  
bl_20_16 | 60.000095 | 272324 | -1 | 308659 | 60.000134 | 281596 | -1 | 308726 |  
bl_20_17 | 0.074681506 | 303 | 15 | 537 | 0.0670108 | 303 | 15 | 537 |  
bl_20_18 | 5.9381366 | 27910 | 18 | 27255 | 5.7614202 | 27898 | 18 | 27385 |  
bl_20_19 | 0.0036876 | 22 | 14 | 13 | 0.003483 | 22 | 14 | 13 |  
bl_20_20 | 0.23641591 | 852 | 15 | 1086 | 0.2255038 | 852 | 15 | 1151 |  
AVERAGE |3.8557959 | 13256.333 | 19854.467 | 3.691385 | 13259.667 | 20067.533 |  
TIME RATIO  = 104.453896 backtracks= 1.0
2020-08-05
 20:17:06.883166800
Data/BL/
 NOUVELLE VERSION  
  BRANCHEMENT DYNAMIQUE  
 Inst |old_time |old_backt |makespan |old_prop |new_time |new_backt |makespan |new_prop|
bl_20_1 | 0.1367336 | 189 | 16 | 477 | 0.10090151 | 189 | 16 | 477 |  
bl_20_2 | 0.13516329 | 395 | 16 | 782 | 0.1320458 | 395 | 16 | 795 |  
bl_20_3 | 2.128943 | 4715 | 15 | 13062 | 2.0064843 | 4448 | 15 | 13093 |  
bl_20_4 | 0.0046629 | 13 | 18 | 16 | 0.0043811 | 13 | 18 | 16 |  
bl_20_5 | 60.000336 | 175501 | -1 | 342953 | 60.000114 | 170485 | -1 | 336424 |  
bl_20_6 | 0.0056335 | 19 | 16 | 22 | 0.006306 | 19 | 16 | 22 |  
bl_20_7 | 7.052594 | 19118 | 19 | 27639 | 6.382685 | 18489 | 19 | 27748 |  
bl_20_8 | 0.2702648 | 1253 | 20 | 860 | 0.30004498 | 1253 | 20 | 863 |  
bl_20_9 | 0.0054603 | 23 | 14 | 22 | 0.0071517 | 23 | 14 | 22 |  
bl_20_10 | 0.0051534 | 18 | 16 | 25 | 0.0049452 | 18 | 16 | 25 |  
bl_20_11 | 0.0027482 | 16 | 17 | 9 | 0.0042505 | 16 | 17 | 9 |  
bl_20_12 | 37.9057 | 112011 | 18 | 302008 | 31.799593 | 95966 | 18 | 257477 |  
bl_20_13 | 0.0889902 | 266 | 17 | 557 | 0.086047 | 266 | 17 | 557 |  
bl_20_14 | 0.0805889 | 172 | 18 | 318 | 0.0786932 | 172 | 18 | 318 |  
bl_20_15 | 0.0535128 | 196 | 13 | 304 | 0.0532993 | 196 | 13 | 314 |  
bl_20_16 | 0.0486139 | 194 | 19 | 236 | 0.0472136 | 194 | 19 | 231 |  
bl_20_17 | 0.215774 | 742 | 15 | 846 | 0.19676849 | 730 | 15 | 845 |  
bl_20_18 | 7.386658 | 21593 | 18 | 37574 | 7.339845 | 21779 | 18 | 38318 |  
bl_20_19 | 0.0039647 | 18 | 14 | 14 | 0.0041273 | 18 | 14 | 14 |  
bl_20_20 | 0.4984914 | 1541 | 15 | 2209 | 0.50059307 | 1565 | 15 | 2516 |  
AVERAGE |3.3490171 | 10627.559 | 20141.088 | 3.0713568 | 10136.588 | 18960.97 |  
TIME RATIO  = 109.04032 backtracks= 5.0
2020-08-08
 17:58:45.784001500
Data/BL/
 NOUVELLE VERSION  
  BRANCHEMENT STATIQUE  
 Inst |old_time |old_backt |makespan |old_prop |new_time |new_backt |makespan |new_prop|
bl_20_1 | 0.0536095 | 42 | 16 | 44 | 0.038798 | 42 | 16 | 103 |  
bl_20_2 | 0.0266272 | 63 | 16 | 86 | 0.020789 | 63 | 16 | 143 |  
bl_20_3 | 60.00012 | 803919 | -1 | 1182597 | 60.000206 | 613430 | -1 | 1164107 |  
bl_20_4 | 0.0045132 | 59 | 18 | 54 | 0.0036968 | 35 | 18 | 56 |  
bl_20_5 | 60.000095 | 979850 | -1 | 915688 | 60.00007 | 711068 | -1 | 1169399 |  
bl_20_6 | 0.1489843 | 3364 | 16 | 1325 | 0.22110191 | 3112 | 16 | 3911 |  
bl_20_7 | 11.236235 | 178809 | 19 | 179672 | 8.767371 | 121729 | 19 | 162598 |  
bl_20_8 | 60.000065 | 1599324 | -1 | 569024 | 60.00006 | 1347222 | -1 | 821800 |  
bl_20_9 | 0.0039645 | 86 | 14 | 30 | 0.0039138 | 84 | 14 | 57 |  
bl_20_10 | 0.0247579 | 337 | 16 | 234 | 0.0243755 | 218 | 16 | 467 |  
bl_20_11 | 9.327E-4 | 23 | 17 | 4 | 0.0010075 | 23 | 17 | 10 |  
bl_20_12 | 60.000034 | 1131759 | -1 | 1007161 | 60.00007 | 739926 | -1 | 1806708 |  
bl_20_13 | 0.0288789 | 358 | 17 | 500 | 0.0323005 | 322 | 17 | 626 |  
bl_20_14 | 8.473124 | 112857 | 18 | 81471 | 5.544551 | 42751 | 18 | 98820 |  
bl_20_15 | 0.0768052 | 1589 | 13 | 1278 | 0.088266 | 1379 | 13 | 2135 |  
bl_20_16 | 35.181355 | 647573 | 19 | 511388 | 29.459497 | 451555 | 19 | 514402 |  
bl_20_17 | 0.0331711 | 549 | 15 | 512 | 0.0207485 | 303 | 15 | 537 |  
bl_20_18 | 1.6623555 | 37071 | 18 | 15805 | 1.698326 | 27910 | 18 | 27255 |  
bl_20_19 | 0.0021041 | 22 | 14 | 11 | 0.0011408 | 22 | 14 | 13 |  
bl_20_20 | 0.073938 | 1352 | 15 | 807 | 0.0699262 | 852 | 15 | 1086 |  
AVERAGE |NaN | NaN | NaN | NaN | NaN | NaN |  
TIME RATIO  = NaN backtracks= 0.0
2020-08-08
 18:08:29.318613900
Data/BL/
 NOUVELLE VERSION  
  BRANCHEMENT DYNAMIQUE  
 Inst |old_time |old_backt |makespan |old_prop |new_time |new_backt |makespan |new_prop|
bl_20_1 | 0.0271178 | 201 | 16 | 271 | 0.0316838 | 189 | 16 | 477 |  
bl_20_2 | 0.0283376 | 367 | 16 | 341 | 0.0437567 | 395 | 16 | 782 |  
bl_20_3 | 0.4326686 | 4451 | 15 | 5256 | 0.6238821 | 4715 | 15 | 13062 |  
bl_20_4 | 0.0011929 | 13 | 18 | 4 | 0.0012752 | 13 | 18 | 16 |  
bl_20_5 | 52.334175 | 640383 | 19 | 1068927 | 60.000046 | 595385 | -1 | 1150388 |  
bl_20_6 | 0.0013726 | 15 | 16 | 9 | 0.0016418 | 19 | 16 | 22 |  
bl_20_7 | 2.0209005 | 26442 | 19 | 15937 | 1.9193549 | 19118 | 19 | 27639 |  
bl_20_8 | 0.0397187 | 773 | 20 | 594 | 0.0713188 | 1253 | 20 | 860 |  
bl_20_9 | 0.0039384 | 65 | 14 | 16 | 0.0014048 | 23 | 14 | 22 |  
bl_20_10 | 0.0011642 | 18 | 16 | 13 | 0.0013968 | 18 | 16 | 25 |  
bl_20_11 | 6.607E-4 | 15 | 17 | 2 | 7.752E-4 | 16 | 17 | 9 |  
bl_20_12 | 5.1644154 | 74241 | 18 | 91963 | 10.954336 | 112011 | 18 | 302008 |  
bl_20_13 | 0.0171247 | 243 | 17 | 237 | 0.0255348 | 266 | 17 | 557 |  
bl_20_14 | 0.02264 | 262 | 18 | 179 | 0.0253045 | 172 | 18 | 318 |  
bl_20_15 | 0.0094916 | 164 | 13 | 113 | 0.013942 | 196 | 13 | 304 |  
bl_20_16 | 0.0145659 | 285 | 19 | 147 | 0.0134599 | 194 | 19 | 236 |  
bl_20_17 | 0.0556656 | 740 | 15 | 674 | 0.05921 | 742 | 15 | 846 |  
bl_20_18 | 2.441218 | 29013 | 18 | 37168 | 2.214422 | 21593 | 18 | 37574 |  
bl_20_19 | 0.0010033 | 18 | 14 | 6 | 0.0010448 | 18 | 14 | 14 |  
bl_20_20 | 0.14260991 | 1976 | 15 | 1335 | 0.1497434 | 1541 | 15 | 2209 |  
AVERAGE |NaN | NaN | NaN | NaN | NaN | NaN |  
TIME RATIO  = NaN backtracks= 0.0
2020-08-08
 18:18:36.264068400
Data/BL/
 NOUVELLE VERSION  
  BRANCHEMENT STATIQUE  
 Inst |old_time |old_backt |makespan |old_prop |new_time |new_backt |makespan |new_prop|
bl_20_1 | 0.0533766 | 42 | 16 | 44 | 0.0439908 | 42 | 16 | 103 |  
bl_20_2 | 0.0268098 | 63 | 16 | 86 | 0.0213864 | 63 | 16 | 143 |  
bl_20_3 | 60.000175 | 790752 | -1 | 1165303 | 60.000088 | 625670 | -1 | 1186470 |  
bl_20_4 | 0.0042898 | 59 | 18 | 54 | 0.0036265 | 35 | 18 | 56 |  
bl_20_5 | 60.00008 | 910486 | -1 | 844843 | 60.00007 | 676671 | -1 | 1129503 |  
bl_20_6 | 0.1558026 | 3364 | 16 | 1325 | 0.2287972 | 3112 | 16 | 3911 |  
bl_20_7 | 11.931013 | 178809 | 19 | 179672 | 9.53586 | 121729 | 19 | 162598 |  
bl_20_8 | 60.00013 | 1525761 | -1 | 527363 | 60.00009 | 1340425 | -1 | 815284 |  
bl_20_9 | 0.0072347 | 86 | 14 | 30 | 0.0054296 | 84 | 14 | 57 |  
bl_20_10 | 0.0253613 | 337 | 16 | 234 | 0.023156 | 218 | 16 | 467 |  
bl_20_11 | 0.0014438 | 23 | 17 | 4 | 0.001361 | 23 | 17 | 10 |  
bl_20_12 | 60.000053 | 1086876 | -1 | 974600 | 60.000134 | 739729 | -1 | 1805984 |  
bl_20_13 | 0.0282276 | 358 | 17 | 500 | 0.0311928 | 322 | 17 | 626 |  
bl_20_14 | 8.817378 | 112857 | 18 | 81471 | 5.458333 | 42751 | 18 | 98820 |  
bl_20_15 | 0.078198 | 1589 | 13 | 1278 | 0.0900429 | 1379 | 13 | 2135 |  
bl_20_16 | 33.599407 | 647573 | 19 | 511388 | 28.954136 | 451555 | 19 | 514402 |  
bl_20_17 | 0.0360288 | 549 | 15 | 512 | 0.0194224 | 303 | 15 | 537 |  
bl_20_18 | 1.6440187 | 37071 | 18 | 15805 | 1.6069534 | 27910 | 18 | 27255 |  
bl_20_19 | 0.001804 | 22 | 14 | 11 | 0.0013549 | 22 | 14 | 13 |  
bl_20_20 | 0.0738582 | 1352 | 15 | 807 | 0.0650019 | 852 | 15 | 1086 |  
AVERAGE |NaN | NaN | NaN | NaN | NaN | NaN |  
TIME RATIO  = NaN backtracks= 0.0
2020-08-08
 18:28:19.313759200
Data/BL/
 NOUVELLE VERSION  
  BRANCHEMENT DYNAMIQUE  
 Inst |old_time |old_backt |makespan |old_prop |new_time |new_backt |makespan |new_prop|
bl_20_1 | 0.0267587 | 201 | 16 | 271 | 0.0371375 | 189 | 16 | 477 |  
bl_20_2 | 0.0316098 | 367 | 16 | 341 | 0.0387184 | 395 | 16 | 782 |  
bl_20_3 | 0.4425659 | 4451 | 15 | 5256 | 0.56993246 | 4715 | 15 | 13062 |  
bl_20_4 | 0.001095 | 13 | 18 | 4 | 0.0011708 | 13 | 18 | 16 |  
bl_20_5 | 52.81139 | 640383 | 19 | 1068927 | 60.000053 | 622843 | -1 | 1202886 |  
bl_20_6 | 0.0011718 | 15 | 16 | 9 | 0.001585 | 19 | 16 | 22 |  
bl_20_7 | 1.9299891 | 26442 | 19 | 15937 | 1.7455904 | 19118 | 19 | 27639 |  
bl_20_8 | 0.0379677 | 773 | 20 | 594 | 0.0653126 | 1253 | 20 | 860 |  
bl_20_9 | 0.0030991 | 65 | 14 | 16 | 0.001392 | 23 | 14 | 22 |  
bl_20_10 | 0.0011903 | 18 | 16 | 13 | 0.0013466 | 18 | 16 | 25 |  
bl_20_11 | 6.899E-4 | 15 | 17 | 2 | 8.882E-4 | 16 | 17 | 9 |  
bl_20_12 | 4.91955 | 74241 | 18 | 91963 | 10.341272 | 112011 | 18 | 302008 |  
bl_20_13 | 0.016672 | 243 | 17 | 237 | 0.0268039 | 266 | 17 | 557 |  
bl_20_14 | 0.0213586 | 262 | 18 | 179 | 0.0229825 | 172 | 18 | 318 |  
bl_20_15 | 0.0087464 | 164 | 13 | 113 | 0.0122289 | 196 | 13 | 304 |  
bl_20_16 | 0.0131449 | 285 | 19 | 147 | 0.0118616 | 194 | 19 | 236 |  
bl_20_17 | 0.0541907 | 740 | 15 | 674 | 0.0607833 | 742 | 15 | 846 |  
bl_20_18 | 2.3616154 | 29013 | 18 | 37168 | 2.0640326 | 21593 | 18 | 37574 |  
bl_20_19 | 9.552E-4 | 18 | 14 | 6 | 0.001093 | 18 | 14 | 14 |  
bl_20_20 | 0.1339102 | 1976 | 15 | 1335 | 0.14046529 | 1541 | 15 | 2209 |  
AVERAGE |NaN | NaN | NaN | NaN | NaN | NaN |  
TIME RATIO  = NaN backtracks= 0.0