2020-05-11
 09:53:39.007208100
Data/BL/BL20 BRANCHEMENT STATIQUE  
 Inst |old_time |old_backt |makespan |old_prop |new_time |new_backt |makespan |new_prop|
bl_20_1 | 0.0619163 | 42 | 16 | 44 | 0.0477204 | 42 | 16 | 97 |  
bl_20_2 | 0.0584543 | 63 | 16 | 86 | 0.0134387 | 63 | 16 | 140 |  
bl_20_3 | 300.00458 | 3967673 | -1 | 5865045 | 300.00034 | 2931386 | -1 | 5833914 |  
bl_20_4 | 0.0057357 | 59 | 18 | 54 | 0.0038277 | 35 | 18 | 51 |  
bl_20_5 | 300.00015 | 4987188 | -1 | 4618635 | 300.0001 | 3033068 | -1 | 5628374 |  
bl_20_6 | 0.1456003 | 3364 | 16 | 1325 | 0.29797173 | 3364 | 16 | 4727 |  
bl_20_7 | 11.04901 | 178809 | 19 | 179672 | 9.883378 | 122821 | 19 | 174819 |  
bl_20_8 | 300.00012 | 10500866 | -1 | 1487937 | 245.48407 | 4131591 | 20 | 3670853 |  
bl_20_9 | 0.0067887 | 86 | 14 | 30 | 0.0071209 | 84 | 14 | 55 |  
bl_20_10 | 0.0384553 | 337 | 16 | 234 | 0.044396 | 218 | 16 | 443 |  
bl_20_11 | 0.0018573 | 23 | 17 | 4 | 0.0022485 | 23 | 17 | 10 |  
bl_20_12 | 300.00916 | 5308768 | -1 | 4746036 | 300.00113 | 3342052 | -1 | 8274997 |  
bl_20_13 | 0.0344016 | 358 | 17 | 500 | 0.0387936 | 308 | 17 | 658 |  
bl_20_14 | 8.295738 | 112857 | 18 | 81471 | 5.7854447 | 43839 | 18 | 106443 |  
bl_20_15 | 0.0802742 | 1589 | 13 | 1278 | 0.096626304 | 1379 | 13 | 2279 |  
bl_20_16 | 32.62557 | 647573 | 19 | 511388 | 32.08381 | 484437 | 19 | 565974 |  
bl_20_17 | 0.0383885 | 549 | 15 | 512 | 0.0218061 | 303 | 15 | 536 |  
bl_20_18 | 1.6220026 | 37071 | 18 | 15805 | 1.5619467 | 23571 | 18 | 28288 |  
bl_20_19 | 9.726E-4 | 22 | 14 | 11 | 0.0012586 | 22 | 14 | 13 |  
bl_20_20 | 0.0720654 | 1352 | 15 | 807 | 0.0706991 | 852 | 15 | 1135 |  
3.3835769 | 61509.625 | 49576.312 | 3.1225305 | 42585.062 | 55354.25 |  
2020-05-11
 10:45:47.693660600
Data/BL/BL25 BRANCHEMENT STATIQUE  
 Inst |old_time |old_backt |makespan |old_prop |new_time |new_backt |makespan |new_prop|
bl_25_1 | 300.00882 | 2467075 | -1 | 3483575 | 300.00012 | 1810927 | -1 | 5123832 |  
bl_25_2 | 300.00012 | 4446395 | -1 | 2275483 | 300.0077 | 2025416 | -1 | 2977810 |  
bl_25_3 | 300.00015 | 4994263 | -1 | 3386459 | 300.015 | 3719398 | -1 | 4735714 |  
bl_25_4 | 11.285551 | 112799 | 22 | 108536 | 8.771509 | 69273 | 22 | 113457 |  
bl_25_5 | 300.00644 | 4805957 | -1 | 3110351 | 300.00027 | 4207404 | -1 | 3903802 |  
bl_25_6 | 7.2347975 | 78319 | 33 | 28892 | 6.2692885 | 72139 | 33 | 26219 |  
bl_25_7 | 300.00098 | 5484269 | -1 | 1499926 | 300.0127 | 3354197 | -1 | 2491413 |  
bl_25_8 | 300.00836 | 4878263 | -1 | 2288872 | 210.46133 | 1030900 | 24 | 3073142 |  
bl_25_9 | 221.45619 | 2393847 | 27 | 1756036 | 191.43083 | 1599401 | 27 | 2164124 |  
bl_25_10 | 4.3796005 | 83666 | 23 | 45155 | 4.0884495 | 59362 | 23 | 49069 |  
bl_25_11 | 0.4700221 | 4018 | 24 | 8846 | 0.6755687 | 3212 | 24 | 13897 |  
bl_25_12 | 300.00006 | 5830335 | -1 | 220392 | 300.00525 | 3709655 | -1 | 2196948 |  
bl_25_13 | 55.187637 | 1353577 | 17 | 393505 | 43.176197 | 995247 | 17 | 440355 |  
bl_25_14 | 49.335697 | 323886 | 30 | 746314 | 59.09158 | 296200 | 30 | 1039091 |  
bl_25_15 | 1.5074239 | 18763 | 20 | 13712 | 1.0409846 | 4549 | 20 | 15886 |  
bl_25_16 | 252.53435 | 4827683 | 20 | 1892208 | 116.09648 | 1618119 | 20 | 1593254 |  
bl_25_17 | 15.232426 | 208883 | 26 | 100272 | 4.1168327 | 23719 | 26 | 57184 |  
bl_25_18 | 300.00076 | 3601221 | -1 | 2657017 | 300.00305 | 2693542 | -1 | 3296100 |  
bl_25_19 | 300.00006 | 6250266 | -1 | 1282634 | 27.39152 | 475070 | 23 | 360631 |  
bl_25_20 | 300.00024 | 6938020 | -1 | 234219 | 38.91446 | 327087 | 28 | 288419 |  
61.862366 | 940544.1 | 509347.6 | 43.47577 | 474122.1 | 551253.6 |  
2020-05-22
 17:44:57.614213600
Data/BL/
 BRANCHEMENT STATIQUE  
 Inst |old_time |old_backt |makespan |old_prop |new_time |new_backt |makespan |new_prop|
bl_25_4 | 12.352141 | 112799 | 22 | 108536 | 9.058467 | 69273 | 22 | 114678 |  
bl_25_5 | 300.00027 | 5078652 | -1 | 3324385 | 300.00018 | 4282440 | -1 | 3977148 |  
bl_25_6 | 6.8619246 | 78319 | 33 | 28892 | 6.0569158 | 72139 | 33 | 26219 |  
bl_25_7 | 300.02814 | 5623647 | -1 | 1539593 | 300.0147 | 3420426 | -1 | 2595926 |  
bl_25_8 | 300.00018 | 4745730 | -1 | 2229129 | 216.53459 | 1030900 | 24 | 3073142 |  
bl_25_9 | 209.27675 | 2393847 | 27 | 1756036 | 189.85335 | 1599401 | 27 | 2162003 |  
bl_25_10 | 4.2221828 | 83666 | 23 | 45155 | 4.0769577 | 59362 | 23 | 47079 |  
bl_25_11 | 0.44601628 | 4018 | 24 | 8846 | 0.6471419 | 3212 | 24 | 13900 |  
bl_25_12 | 300.00006 | 6061468 | -1 | 230404 | 300.00015 | 3871709 | -1 | 2266266 |  
bl_25_13 | 52.34396 | 1353577 | 17 | 393505 | 41.143486 | 995167 | 17 | 440354 |  
bl_25_14 | 48.209103 | 323886 | 30 | 746314 | 60.319 | 296200 | 30 | 1033113 |  
bl_25_15 | 1.4282734 | 18763 | 20 | 13712 | 0.9947266 | 4549 | 20 | 15886 |  
bl_25_16 | 241.39888 | 4827683 | 20 | 1892208 | 111.41137 | 1618119 | 20 | 1593233 |  
bl_25_17 | 14.23144 | 208883 | 26 | 100272 | 4.0887775 | 23719 | 26 | 57216 |  
bl_25_18 | 300.00015 | 3773317 | -1 | 2798087 | 300.00006 | 2777200 | -1 | 3376743 |  
bl_25_19 | 300.0001 | 6684984 | -1 | 1364447 | 25.009031 | 475070 | 23 | 360633 |  
bl_25_20 | 300.0001 | 7447624 | -1 | 252207 | 37.521896 | 327087 | 28 | 292718 |  
AVERAGE |59.07707 | 940544.1 | 509347.6 | 42.76502 | 474114.1 | 550368.1 |  
TIME RATIO  = 138.143452020-05-22
 19:35:59.489063900
Data/BL/
 BRANCHEMENT STATIQUE  
 Inst |old_time |old_backt |makespan |old_prop |new_time |new_backt |makespan |new_prop|
bl_20_1 | 0.1601903 | 42 | 16 | 44 | 0.0578395 | 42 | 16 | 97 |  
bl_20_2 | 0.0379288 | 63 | 16 | 86 | 0.0191466 | 63 | 16 | 139 |  
bl_20_3 | 300.00015 | 3952789 | -1 | 5847434 | 300.00015 | 2806886 | -1 | 5590441 |  
bl_20_4 | 0.0054129 | 59 | 18 | 54 | 0.0035147 | 35 | 18 | 51 |  
bl_20_5 | 300.0001 | 4788738 | -1 | 4451010 | 300.00018 | 2885168 | -1 | 5320488 |  
bl_20_6 | 0.1450158 | 3364 | 16 | 1325 | 0.31085572 | 3364 | 16 | 5077 |  
bl_20_7 | 11.144149 | 178809 | 19 | 179672 | 10.14082 | 122821 | 19 | 174876 |  
bl_20_8 | 300.00006 | 10698277 | -1 | 1512365 | 244.75647 | 4131591 | 20 | 3662487 |  
bl_20_9 | 0.0049766 | 86 | 14 | 30 | 0.0046098 | 84 | 14 | 55 |  
bl_20_10 | 0.024156 | 337 | 16 | 234 | 0.0260108 | 218 | 16 | 443 |  
bl_20_11 | 9.655E-4 | 23 | 17 | 4 | 0.0013229 | 23 | 17 | 10 |  
bl_20_12 | 300.00012 | 5681778 | -1 | 5084183 | 300.0001 | 3301764 | -1 | 8211025 |  
bl_20_13 | 0.0290064 | 358 | 17 | 500 | 0.0370358 | 308 | 17 | 657 |  
bl_20_14 | 8.293088 | 112857 | 18 | 81471 | 5.8824916 | 43847 | 18 | 106212 |  
bl_20_15 | 0.0761098 | 1589 | 13 | 1278 | 0.09542391 | 1379 | 13 | 2279 |  
bl_20_16 | 32.525158 | 647573 | 19 | 511388 | 32.80641 | 474211 | 19 | 582762 |  
bl_20_17 | 0.0343866 | 549 | 15 | 512 | 0.0200041 | 303 | 15 | 537 |  
bl_20_18 | 1.6034203 | 37071 | 18 | 15805 | 1.6233939 | 23571 | 18 | 27929 |  
bl_20_19 | 0.0015371 | 22 | 14 | 11 | 8.704E-4 | 22 | 14 | 13 |  
bl_20_20 | 0.073581696 | 1352 | 15 | 807 | 0.0736764 | 852 | 15 | 1129 |  
AVERAGE |3.3849423 | 61509.625 | 49576.312 | 3.1939642 | 41946.438 | 56391.625 |  
TIME RATIO  = 105.979352020-06-03
 16:25:43.769755300
Data/BL/
 BRANCHEMENT DYNAMIQUE  
 Inst |old_time |old_backt |makespan |old_prop |new_time |new_backt |makespan |new_prop|
bl_20_1 | 0.159758 | 201 | 16 | 271 | 0.111526705 | 186 | 16 | 458 |  
bl_20_2 | 0.055009 | 367 | 16 | 341 | 0.1156715 | 381 | 16 | 614 |  
bl_20_3 | 1.0858343 | 4451 | 15 | 5256 | 0.8647753 | 4869 | 15 | 13660 |  
bl_20_4 | 0.0023685 | 13 | 18 | 4 | 0.0022704 | 13 | 18 | 16 |  
bl_20_5 | 53.73214 | 640383 | 19 | 1068927 | 57.625282 | 462291 | 19 | 1059092 |  
bl_20_6 | 0.0015096 | 15 | 16 | 9 | 0.0015172 | 15 | 16 | 22 |  
bl_20_7 | 1.9206694 | 26442 | 19 | 15937 | 2.0004609 | 19843 | 19 | 30721 |  
bl_20_8 | 0.0398425 | 773 | 20 | 594 | 0.067580305 | 1253 | 20 | 867 |  
bl_20_9 | 0.0032185 | 65 | 14 | 16 | 0.001512 | 23 | 14 | 22 |  
bl_20_10 | 0.0014227 | 18 | 16 | 13 | 0.001471 | 18 | 16 | 25 |  
bl_20_11 | 7.368E-4 | 15 | 17 | 2 | 9.473E-4 | 16 | 17 | 9 |  
bl_20_12 | 4.969202 | 74241 | 18 | 91963 | 10.617602 | 96445 | 18 | 275518 |  
bl_20_13 | 0.0158408 | 243 | 17 | 237 | 0.0228411 | 268 | 17 | 532 |  
bl_20_14 | 0.0229946 | 262 | 18 | 179 | 0.0207139 | 156 | 18 | 285 |  
bl_20_15 | 0.0086337 | 164 | 13 | 113 | 0.0129832 | 196 | 13 | 300 |  
bl_20_16 | 0.0138885 | 285 | 19 | 147 | 0.0124867 | 194 | 19 | 203 |  
bl_20_17 | 0.0548658 | 740 | 15 | 674 | 0.0559062 | 733 | 15 | 821 |  
bl_20_18 | 2.3923743 | 29013 | 18 | 37168 | 2.6066592 | 24009 | 18 | 37532 |  
bl_20_19 | 0.0018676 | 18 | 14 | 6 | 0.0018063 | 18 | 14 | 14 |  
bl_20_20 | 0.1376303 | 1976 | 15 | 1335 | 0.1565833 | 1535 | 15 | 2243 |  
AVERAGE |3.2309902 | 38984.25 | 61159.6 | 3.7150302 | 30623.1 | 71147.7 |  
TIME RATIO  = 86.9707642020-06-03
 16:31:57.923765700
Data/BL/
 BRANCHEMENT DYNAMIQUE  
 Inst |old_time |old_backt |makespan |old_prop |new_time |new_backt |makespan |new_prop|
bl_25_1 | 151.02196 | 920842 | 27 | 1470363 | 116.985634 | 524155 | 27 | 1447070 |  
bl_25_2 | 18.77719 | 123463 | 29 | 107783 | 29.248793 | 137438 | 29 | 314262 |  
bl_25_3 | 31.121864 | 276605 | 23 | 221147 | 33.341984 | 194277 | 23 | 404287 |  
bl_25_4 | 0.08562809 | 651 | 22 | 858 | 0.0724735 | 360 | 22 | 957 |  
bl_25_5 | 1.8708774 | 25288 | 28 | 15932 | 0.9423005 | 8147 | 28 | 11835 |  
bl_25_6 | 0.0632539 | 673 | 33 | 199 | 0.0669467 | 588 | 33 | 426 |  
bl_25_7 | 300.00027 | 2441429 | -1 | 1914473 | 300.00015 | 1504978 | -1 | 2669120 |  
bl_25_8 | 0.7615549 | 6327 | 24 | 10922 | 1.0523471 | 5401 | 24 | 17252 |  
bl_25_9 | 0.5297376 | 4422 | 27 | 4235 | 0.37739858 | 1896 | 27 | 5475 |  
bl_25_10 | 0.0016723 | 18 | 23 | 7 | 0.0020073 | 18 | 23 | 14 |  
bl_25_11 | 0.0343888 | 302 | 24 | 398 | 0.0332731 | 203 | 24 | 502 |  
bl_25_12 | 300.00024 | 2794780 | -1 | 1437738 | 300.00027 | 1711257 | -1 | 2219805 |  
bl_25_13 | 0.3351134 | 4956 | 17 | 2803 | 0.1873321 | 3360 | 17 | 1117 |  
bl_25_14 | 1.224846 | 13243 | 30 | 5410 | 1.1697717 | 13268 | 30 | 5244 |  
bl_25_15 | 0.1073599 | 755 | 20 | 1483 | 0.054451 | 299 | 20 | 765 |  
bl_25_16 | 0.0886646 | 907 | 20 | 645 | 0.3794655 | 4205 | 20 | 3817 |  
bl_25_17 | 1.006895 | 7911 | 26 | 6115 | 0.7503929 | 5260 | 26 | 5726 |  
bl_25_18 | 12.140753 | 101580 | 23 | 126931 | 14.47136 | 83434 | 23 | 197469 |  
bl_25_19 | 4.3201065 | 41929 | 23 | 27470 | 13.565513 | 105793 | 23 | 123343 |  
bl_25_20 | 14.310344 | 146615 | 28 | 64181 | 18.749 | 91154 | 28 | 150065 |  
AVERAGE |13.211235 | 93138.164 | 114826.78 | 12.858359 | 65514.223 | 149423.67 |  
TIME RATIO  = 102.744332020-06-03
 17:16:15.147497200
Data/BL/
 BRANCHEMENT DYNAMIQUE  
 Inst |old_time |old_backt |makespan |old_prop |new_time |new_backt |makespan |new_prop|
bl_25_1 | 144.0984 | 920842 | 27 | 1470363 | 123.26918 | 553309 | 27 | 1537428 |  
bl_25_2 | 18.5646 | 123463 | 29 | 107783 | 29.667038 | 137438 | 29 | 314718 |  
bl_25_3 | 30.168003 | 276605 | 23 | 221147 | 27.383495 | 159435 | 23 | 315998 |  
bl_25_4 | 0.086898096 | 651 | 22 | 858 | 0.0683111 | 360 | 22 | 959 |  
bl_25_5 | 1.8257058 | 25288 | 28 | 15932 | 0.9375361 | 8057 | 28 | 11453 |  
bl_25_6 | 0.0653815 | 673 | 33 | 199 | 0.07331391 | 587 | 33 | 460 |  
bl_25_7 | 300.0359 | 2411947 | -1 | 1891270 | 300.00208 | 1480182 | -1 | 2645414 |  
bl_25_8 | 1.3038424 | 6327 | 24 | 10922 | 1.3316535 | 6943 | 24 | 21591 |  
bl_25_9 | 0.4781343 | 4422 | 27 | 4235 | 0.39960772 | 1958 | 27 | 5690 |  
bl_25_10 | 0.0029127 | 18 | 23 | 7 | 0.0031958 | 18 | 23 | 14 |  
bl_25_11 | 0.0364787 | 302 | 24 | 398 | 0.0350368 | 203 | 24 | 502 |  
bl_25_12 | 300.00012 | 2760726 | -1 | 1412196 | 300.01862 | 1693446 | -1 | 2176925 |  
bl_25_13 | 0.3237318 | 4956 | 17 | 2803 | 0.1814782 | 3364 | 17 | 1090 |  
bl_25_14 | 1.2340558 | 13243 | 30 | 5410 | 1.2457069 | 13387 | 30 | 5580 |  
bl_25_15 | 0.1124828 | 755 | 20 | 1483 | 0.053656 | 299 | 20 | 764 |  
bl_25_16 | 0.084067695 | 907 | 20 | 645 | 0.3824605 | 4205 | 20 | 3848 |  
bl_25_17 | 1.0077106 | 7911 | 26 | 6115 | 0.7719289 | 5260 | 26 | 5638 |  
bl_25_18 | 12.104679 | 101580 | 23 | 126931 | 15.719154 | 85199 | 23 | 204617 |  
bl_25_19 | 4.3062277 | 41929 | 23 | 27470 | 12.271729 | 102780 | 23 | 115007 |  
bl_25_20 | 14.2458315 | 146615 | 28 | 64181 | 18.926708 | 91109 | 28 | 150256 |  
AVERAGE |12.780508 | 93138.164 | 114826.78 | 12.928954 | 65217.277 | 149756.28 |  
TIME RATIO  = 98.851842020-06-04
 07:00:54.222961400
Data/BL/
 BRANCHEMENT STATIQUE  
 Inst |old_time |old_backt |makespan |old_prop |new_time |new_backt |makespan |new_prop|
bl_20_1 | 0.0520195 | 42 | 16 | 44 | 2020-06-04
 07:45:42.104012800
Data/BL/
 BRANCHEMENT STATIQUE  
 Inst |old_time |old_backt |makespan |old_prop |new_time |new_backt |makespan |new_prop|
bl_20_1 | 0.0537295 | 44 | 16 | 45 | 2020-06-04
 07:46:56.925597300
Data/BL/
 BRANCHEMENT STATIQUE  
 Inst |old_time |old_backt |makespan |old_prop |new_time |new_backt |makespan |new_prop|
bl_20_1 | 0.0511871 | 44 | 16 | 45 | 2020-06-04
 14:35:40.655428500
Data/BL/
 BRANCHEMENT STATIQUE  
 Inst |old_time |old_backt |makespan |old_prop |new_time |new_backt |makespan |new_prop|
bl_20_1 | 0.0858316 | 42 | 16 | 44 | 2020-06-04
 14:40:31.321718
Data/BL/
 BRANCHEMENT STATIQUE  
 Inst |old_time |old_backt |makespan |old_prop |new_time |new_backt |makespan |new_prop|
bl_20_1 | 0.0625421 | 42 | 16 | 44 | 2020-06-04
 14:40:45.606033900
Data/BL/
 BRANCHEMENT STATIQUE  
 Inst |old_time |old_backt |makespan |old_prop |new_time |new_backt |makespan |new_prop|
bl_20_1 | 0.079822 | 42 | 16 | 44 | 2020-06-04
 14:44:35.024860900
Data/BL/
 BRANCHEMENT STATIQUE  
 Inst |old_time |old_backt |makespan |old_prop |new_time |new_backt |makespan |new_prop|
bl_20_1 | 0.0574826 | 42 | 16 | 44 | 2020-06-04
 14:46:13.741382200
Data/BL/
 BRANCHEMENT STATIQUE  
 Inst |old_time |old_backt |makespan |old_prop |new_time |new_backt |makespan |new_prop|
bl_20_1 | 0.0525645 | 42 | 16 | 44 | 2020-06-04
 14:50:35.226570200
Data/BL/
 BRANCHEMENT STATIQUE  
 Inst |old_time |old_backt |makespan |old_prop |new_time |new_backt |makespan |new_prop|
bl_20_1 | 0.0412924 | 42 | 16 | 44 | 2020-06-05
 00:14:56.042011900
Data/BL/
 BRANCHEMENT STATIQUE  
 Inst |old_time |old_backt |makespan |old_prop |new_time |new_backt |makespan |new_prop|
bl_20_1 | 0.0477698 | 42 | 16 | 44 | 2020-06-05
 00:34:13.143078600
Data/BL/
 BRANCHEMENT STATIQUE  
 Inst |old_time |old_backt |makespan |old_prop |new_time |new_backt |makespan |new_prop|
bl_20_1 | 0.0547452 | 42 | 16 | 44 | 2020-06-05
 00:55:43.742284
Data/BL/
 BRANCHEMENT DYNAMIQUE  
 Inst |old_time |old_backt |makespan |old_prop |new_time |new_backt |makespan |new_prop|
bl_20_1 | 0.1623976 | 201 | 16 | 271 | 0.2605323 | 197 | 16 | 485 |  
bl_20_2 | 0.0922636 | 367 | 16 | 341 | 0.2642171 | 378 | 16 | 559 |  
bl_20_3 | 1.0512103 | 4451 | 15 | 5256 | 1.0084822 | 4049 | 15 | 11917 |  
bl_20_4 | 0.0020114 | 13 | 18 | 4 | 0.0016393 | 13 | 18 | 16 |  
bl_20_5 | 55.31407 | 640383 | 19 | 1068927 | 124.0388 | 772546 | 19 | 1934247 |  
bl_20_6 | 0.0012816 | 15 | 16 | 9 | 0.0015006 | 15 | 16 | 22 |  
bl_20_7 | 1.971157 | 26442 | 19 | 15937 | 2.4279668 | 20280 | 19 | 31485 |  
bl_20_8 | 0.0414997 | 773 | 20 | 594 | 0.074565694 | 1253 | 20 | 872 |  
bl_20_9 | 0.0035229 | 65 | 14 | 16 | 0.0016839 | 23 | 14 | 22 |  
bl_20_10 | 0.0013139 | 18 | 16 | 13 | 0.0019275 | 18 | 16 | 25 |  
bl_20_11 | 0.0012022 | 15 | 17 | 2 | 0.001492 | 16 | 17 | 9 |  
bl_20_12 | 5.164705 | 74241 | 18 | 91963 | 10.533483 | 76557 | 18 | 205727 |  
bl_20_13 | 0.022402 | 243 | 17 | 237 | 0.0277965 | 266 | 17 | 530 |  
bl_20_14 | 0.0217892 | 262 | 18 | 179 | 0.025979 | 156 | 18 | 275 |  
bl_20_15 | 0.0088415 | 164 | 13 | 113 | 0.0154972 | 196 | 13 | 313 |  
bl_20_16 | 0.0147637 | 285 | 19 | 147 | 0.0158499 | 194 | 19 | 211 |  
bl_20_17 | 0.0595083 | 740 | 15 | 674 | 0.0646605 | 730 | 15 | 904 |  
bl_20_18 | 2.438336 | 29013 | 18 | 37168 | 3.4456706 | 24627 | 18 | 45021 |  
bl_20_19 | 0.0010568 | 18 | 14 | 6 | 0.0012072 | 18 | 14 | 14 |  
bl_20_20 | 0.14667511 | 1976 | 15 | 1335 | 0.18541859 | 1598 | 15 | 2346 |  
AVERAGE |3.326001 | 38984.25 | 61159.6 | 7.11992 | 45156.5 | 111750.0 |  
TIME RATIO  = 46.7140272020-06-05
 01:11:41.090904
Data/BL/
 BRANCHEMENT DYNAMIQUE  
 Inst |old_time |old_backt |makespan |old_prop |new_time |new_backt |makespan |new_prop|
bl_20_1 | 0.1187822 | 201 | 16 | 271 | 0.1418654 | 186 | 16 | 458 |  
bl_20_2 | 0.0625604 | 367 | 16 | 341 | 0.094596095 | 381 | 16 | 632 |  
bl_20_3 | 1.0226939 | 4451 | 15 | 5256 | 0.96391416 | 4883 | 15 | 13535 |  
bl_20_4 | 0.0012603 | 13 | 18 | 4 | 0.0014423 | 13 | 18 | 16 |  
bl_20_5 | 53.51699 | 640383 | 19 | 1068927 | 104.04908 | 774463 | 19 | 1874182 |  
bl_20_6 | 0.0012709 | 15 | 16 | 9 | 0.001607 | 15 | 16 | 22 |  
bl_20_7 | 1.9953967 | 26442 | 19 | 15937 | 2.1846461 | 19809 | 19 | 29925 |  
bl_20_8 | 0.039003 | 773 | 20 | 594 | 0.0729324 | 1253 | 20 | 856 |  
bl_20_9 | 0.0033268 | 65 | 14 | 16 | 0.0017588 | 23 | 14 | 22 |  
bl_20_10 | 0.0012161 | 18 | 16 | 13 | 0.0015718 | 18 | 16 | 25 |  
bl_20_11 | 7.788E-4 | 15 | 17 | 2 | 0.0012354 | 16 | 17 | 9 |  
bl_20_12 | 5.1230245 | 74241 | 18 | 91963 | 13.176793 | 111879 | 18 | 304000 |  
bl_20_13 | 0.0170799 | 243 | 17 | 237 | 0.0265945 | 266 | 17 | 560 |  
bl_20_14 | 0.023879 | 262 | 18 | 179 | 0.0226307 | 156 | 18 | 285 |  
bl_20_15 | 0.0093606 | 164 | 13 | 113 | 0.0156655 | 196 | 13 | 306 |  
bl_20_16 | 0.0157417 | 285 | 19 | 147 | 0.0133553 | 194 | 19 | 195 |  
bl_20_17 | 0.0583519 | 740 | 15 | 674 | 0.0721971 | 730 | 15 | 827 |  
bl_20_18 | 2.5183966 | 29013 | 18 | 37168 | 2.9580827 | 24541 | 18 | 42493 |  
bl_20_19 | 0.0011855 | 18 | 14 | 6 | 0.0012989 | 18 | 14 | 14 |  
bl_20_20 | 0.1402142 | 1976 | 15 | 1335 | 0.17768861 | 1545 | 15 | 2319 |  
AVERAGE |3.2335255 | 38984.25 | 61159.6 | 6.1989484 | 47029.25 | 113534.05 |  
TIME RATIO  = 52.1624872020-06-05
 01:15:51.939613100
Data/BL/
 BRANCHEMENT DYNAMIQUE  
 Inst |old_time |old_backt |makespan |old_prop |new_time |new_backt |makespan |new_prop|
bl_20_1 | 0.10871591 | 201 | 16 | 271 | 0.20156899 | 186 | 16 | 471 |  
bl_20_2 | 0.0824952 | 367 | 16 | 341 | 0.185798 | 381 | 16 | 720 |  
bl_20_3 | 0.99803185 | 4451 | 15 | 5256 | 0.81595623 | 4565 | 15 | 13032 |  
bl_20_4 | 0.001471 | 13 | 18 | 4 | 0.001536 | 13 | 18 | 16 |  
bl_20_5 | 53.713737 | 640383 | 19 | 1068927 | 104.65092 | 762261 | 19 | 1810139 |  
bl_20_6 | 0.0027406 | 15 | 16 | 9 | 0.001934 | 15 | 16 | 22 |  
bl_20_7 | 2.1216497 | 26442 | 19 | 15937 | 2.2059085 | 19508 | 19 | 29472 |  
bl_20_8 | 0.0379462 | 773 | 20 | 594 | 0.0776644 | 1253 | 20 | 860 |  
bl_20_9 | 0.0034295 | 65 | 14 | 16 | 0.0031031 | 23 | 14 | 22 |  
bl_20_10 | 0.0017798 | 18 | 16 | 13 | 0.0022372 | 18 | 16 | 25 |  
bl_20_11 | 7.956E-4 | 15 | 17 | 2 | 0.0010502 | 16 | 17 | 9 |  
bl_20_12 | 5.155632 | 74241 | 18 | 91963 | 10.029808 | 82734 | 18 | 220549 |  
bl_20_13 | 0.0218916 | 243 | 17 | 237 | 0.0276479 | 266 | 17 | 570 |  
bl_20_14 | 0.0219707 | 262 | 18 | 179 | 0.0262022 | 172 | 18 | 329 |  
bl_20_15 | 0.0085866 | 164 | 13 | 113 | 0.017012 | 196 | 13 | 306 |  
bl_20_16 | 0.0132485 | 285 | 19 | 147 | 0.013801 | 194 | 19 | 208 |  
bl_20_17 | 0.0575239 | 740 | 15 | 674 | 0.0619887 | 730 | 15 | 836 |  
bl_20_18 | 2.5386972 | 29013 | 18 | 37168 | 3.0649576 | 24277 | 18 | 43613 |  
bl_20_19 | 0.0010613 | 18 | 14 | 6 | 0.0011454 | 18 | 14 | 14 |  
bl_20_20 | 0.143309 | 1976 | 15 | 1335 | 0.1823744 | 1569 | 15 | 2245 |  
AVERAGE |3.2517362 | 38984.25 | 61159.6 | 6.0786304 | 44919.75 | 106172.9 |  
TIME RATIO  = 53.494552020-06-05
 01:19:57.976350500
Data/BL/
 BRANCHEMENT DYNAMIQUE  
 Inst |old_time |old_backt |makespan |old_prop |new_time |new_backt |makespan |new_prop|
bl_20_1 | 0.1262269 | 201 | 16 | 271 | 0.1521711 | 186 | 16 | 458 |  
bl_20_2 | 0.076964706 | 367 | 16 | 341 | 0.1086003 | 381 | 16 | 632 |  
bl_20_3 | 0.9734677 | 4451 | 15 | 5256 | 1.0793602 | 4883 | 15 | 13535 |  
bl_20_4 | 0.0013342 | 13 | 18 | 4 | 0.0025668 | 13 | 18 | 16 |  
bl_20_5 | 54.131058 | 640383 | 19 | 1068927 | 107.8329 | 774463 | 19 | 1874182 |  
bl_20_6 | 0.0013514 | 15 | 16 | 9 | 0.0016839 | 15 | 16 | 22 |  
bl_20_7 | 2.0665796 | 26442 | 19 | 15937 | 2.1678128 | 19809 | 19 | 29925 |  
bl_20_8 | 0.0390511 | 773 | 20 | 594 | 0.070051506 | 1253 | 20 | 856 |  
bl_20_9 | 0.0037146 | 65 | 14 | 16 | 0.0017876 | 23 | 14 | 22 |  
bl_20_10 | 0.0012213 | 18 | 16 | 13 | 0.0015585 | 18 | 16 | 25 |  
bl_20_11 | 0.0010586 | 15 | 17 | 2 | 0.0022676 | 16 | 17 | 9 |  
bl_20_12 | 5.17338 | 74241 | 18 | 91963 | 13.610371 | 111879 | 18 | 304000 |  
bl_20_13 | 0.0174239 | 243 | 17 | 237 | 0.0289695 | 266 | 17 | 560 |  
bl_20_14 | 0.0251696 | 262 | 18 | 179 | 0.0243101 | 156 | 18 | 285 |  
bl_20_15 | 0.0101178 | 164 | 13 | 113 | 0.0161242 | 196 | 13 | 306 |  
bl_20_16 | 0.0157618 | 285 | 19 | 147 | 0.014824 | 194 | 19 | 195 |  
bl_20_17 | 0.061797 | 740 | 15 | 674 | 0.0594569 | 730 | 15 | 827 |  
bl_20_18 | 2.5131516 | 29013 | 18 | 37168 | 3.0492575 | 24541 | 18 | 42493 |  
bl_20_19 | 0.0013039 | 18 | 14 | 6 | 0.001272 | 18 | 14 | 14 |  
bl_20_20 | 0.14153379 | 1976 | 15 | 1335 | 0.1676895 | 1545 | 15 | 2319 |  
AVERAGE |3.2690835 | 38984.25 | 61159.6 | 6.419651 | 47029.25 | 113534.05 |  
TIME RATIO  = 50.923072020-06-05
 01:23:28.108805100
Data/BL/
 BRANCHEMENT DYNAMIQUE  
 Inst |old_time |old_backt |makespan |old_prop |new_time |new_backt |makespan |new_prop|
bl_20_1 | 0.1331448 | 201 | 16 | 271 | 0.15021591 | 186 | 16 | 458 |  
bl_20_2 | 0.098099105 | 367 | 16 | 341 | 0.2371309 | 381 | 16 | 632 |  
bl_20_3 | 0.9810946 | 4451 | 15 | 5256 | 0.9839762 | 4883 | 15 | 13535 |  
bl_20_4 | 0.0014522 | 13 | 18 | 4 | 0.0018098 | 13 | 18 | 16 |  
bl_20_5 | 54.52911 | 640383 | 19 | 1068927 | 105.04262 | 774463 | 19 | 1874182 |  
bl_20_6 | 0.0024244 | 15 | 16 | 9 | 0.0014731 | 15 | 16 | 22 |  
bl_20_7 | 2.0665367 | 26442 | 19 | 15937 | 2.1299667 | 19809 | 19 | 29925 |  
bl_20_8 | 0.0404538 | 773 | 20 | 594 | 0.0742476 | 1253 | 20 | 856 |  
bl_20_9 | 0.0038951 | 65 | 14 | 16 | 0.0016033 | 23 | 14 | 22 |  
bl_20_10 | 0.0012901 | 18 | 16 | 13 | 0.0015113 | 18 | 16 | 25 |  
bl_20_11 | 0.0010806 | 15 | 17 | 2 | 9.391E-4 | 16 | 17 | 9 |  
bl_20_12 | 5.158393 | 74241 | 18 | 91963 | 13.044204 | 111879 | 18 | 304000 |  
bl_20_13 | 0.017126 | 243 | 17 | 237 | 0.0257288 | 266 | 17 | 560 |  
bl_20_14 | 0.023549 | 262 | 18 | 179 | 0.0218369 | 156 | 18 | 285 |  
bl_20_15 | 0.0086902 | 164 | 13 | 113 | 0.0144229 | 196 | 13 | 306 |  
bl_20_16 | 0.0146454 | 285 | 19 | 147 | 0.0141538 | 194 | 19 | 195 |  
bl_20_17 | 0.0588249 | 740 | 15 | 674 | 0.0630806 | 730 | 15 | 827 |  
bl_20_18 | 2.4592688 | 29013 | 18 | 37168 | 2.9510505 | 24541 | 18 | 42493 |  
bl_20_19 | 0.0011481 | 18 | 14 | 6 | 0.0011689 | 18 | 14 | 14 |  
bl_20_20 | 0.13466689 | 1976 | 15 | 1335 | 0.1760696 | 1545 | 15 | 2319 |  
AVERAGE |3.2867444 | 38984.25 | 61159.6 | 6.2468596 | 47029.25 | 113534.05 |  
TIME RATIO  = 52.614342020-06-06
 08:32:53.348239600
Data/BL/
 BRANCHEMENT DYNAMIQUE  
 Inst |old_time |old_backt |makespan |old_prop |new_time |new_backt |makespan |new_prop|
bl_20_1 | 0.14448111 | 201 | 16 | 271 | 0.1350313 | 180 | 16 | 160 |  
bl_20_2 | 0.0672232 | 367 | 16 | 341 | 0.173748 | 366 | 16 | 188 |  
bl_20_3 | 1.1775953 | 4451 | 15 | 5256 | 0.9480176 | 6489 | 15 | 3958 |  
bl_20_4 | 0.0019885 | 13 | 18 | 4 | 0.002077 | 13 | 18 | 3 |  
bl_20_5 | 52.4618 | 640383 | 19 | 1068927 | 45.95092 | 609255 | 19 | 467041 |  
bl_20_6 | 0.001434599 | 15 | 16 | 9 | 0.0020847 | 15 | 16 | 4 |  
bl_20_7 | 1.966756 | 26442 | 19 | 15937 | 1.4003239 | 17515 | 19 | 6070 |  
bl_20_8 | 0.0386249 | 773 | 20 | 594 | 0.0181617 | 309 | 20 | 143 |  
bl_20_9 | 0.003337799 | 65 | 14 | 16 | 0.002929499 | 65 | 14 | 12 |  
bl_20_10 | 0.002647801 | 18 | 16 | 13 | 0.001299599 | 18 | 16 | 4 |  
bl_20_11 | 7.11E-4 | 15 | 17 | 2 | 6.673E-4 | 15 | 17 | 1 |  
bl_20_12 | 5.068422 | 74241 | 18 | 91963 | 4.734254 | 79632 | 18 | 40744 |  
bl_20_13 | 0.0173658 | 243 | 17 | 237 | 0.0180416 | 298 | 17 | 60 |  
bl_20_14 | 0.0235954 | 262 | 18 | 179 | 0.0145237 | 176 | 18 | 66 |  
bl_20_15 | 0.010851 | 164 | 13 | 113 | 0.0102993 | 180 | 13 | 106 |  
bl_20_16 | 0.013840501 | 285 | 19 | 147 | 0.0151045 | 288 | 19 | 105 |  
bl_20_17 | 0.0542992 | 740 | 15 | 674 | 0.0522691 | 779 | 15 | 413 |  
bl_20_18 | 2.4359045 | 29013 | 18 | 37168 | 2.1794379 | 27807 | 18 | 17225 |  
bl_20_19 | 0.0010233 | 18 | 14 | 6 | 0.0010833 | 18 | 14 | 2 |  
bl_20_20 | 0.1405323 | 1976 | 15 | 1335 | 0.1440251 | 2137 | 15 | 1067 |  
AVERAGE |3.1816213 | 38984.25 | 61159.6 | 2.7902148 | 37277.75 | 26868.6 |  
TIME RATIO  = 114.027832020-06-06
 08:36:06.694506400
Data/BL/
 BRANCHEMENT DYNAMIQUE  
 Inst |old_time |old_backt |makespan |old_prop |new_time |new_backt |makespan |new_prop|
bl_25_1 | 148.59534 | 920842 | 27 | 1470363 | 77.66247 | 573692 | 27 | 437345 |  
bl_25_2 | 17.658205 | 123463 | 29 | 107783 | 16.968016 | 133057 | 29 | 70363 |  
bl_25_3 | 29.764076 | 276605 | 23 | 221147 | 17.05472 | 172720 | 23 | 66956 |  
bl_25_4 | 0.0882784 | 651 | 22 | 858 | 0.1117182 | 964 | 22 | 781 |  
bl_25_5 | 1.8074508 | 25288 | 28 | 15932 | 0.779061 | 11857 | 28 | 3600 |  
bl_25_6 | 0.0634868 | 673 | 33 | 199 | 0.1408936 | 1165 | 33 | 846 |  
bl_25_7 | 300.0005 | 2434669 | -1 | 1907886 | 300.00067 | 2579170 | -1 | 1344530 |  
bl_25_8 | 0.83595824 | 6327 | 24 | 10922 | 0.9809465 | 8392 | 24 | 7290 |  
bl_25_9 | 0.5666603 | 4422 | 27 | 4235 | 0.8778105 | 6824 | 27 | 3584 |  
bl_25_10 | 0.0019053 | 18 | 23 | 7 | 0.0017738 | 18 | 23 | 6 |  
bl_25_11 | 0.034415 | 302 | 24 | 398 | 0.1384287 | 1351 | 24 | 617 |  
bl_25_12 | 300.00015 | 2794835 | -1 | 1437791 | 300.00012 | 2910535 | -1 | 786562 |  
bl_25_13 | 0.3171721 | 4956 | 17 | 2803 | 0.2965776 | 5717 | 17 | 1748 |  
bl_25_14 | 1.2215508 | 13243 | 30 | 5410 | 0.6454734 | 5100 | 30 | 2787 |  
bl_25_15 | 0.1064444 | 755 | 20 | 1483 | 0.076967 | 618 | 20 | 550 |  
bl_25_16 | 0.0872264 | 907 | 20 | 645 | 0.0895443 | 1003 | 20 | 555 |  
bl_25_17 | 0.98921615 | 7911 | 26 | 6115 | 0.6671808 | 6023 | 26 | 2938 |  
bl_25_18 | 11.805559 | 101580 | 23 | 126931 | 16.693727 | 165562 | 23 | 97612 |  
bl_25_19 | 4.190012 | 41929 | 23 | 27470 | 2.2203748 | 21184 | 23 | 10917 |  
bl_25_20 | 13.802852 | 146615 | 28 | 64181 | 17.63591 | 196874 | 28 | 37089 |  
AVERAGE |12.885322 | 93138.164 | 114826.78 | 8.50231 | 72895.61 | 41421.332 |  
TIME RATIO  = 151.550832020-06-06
 09:27:32.180457600
Data/BL/
 BRANCHEMENT STATIQUE  
 Inst |old_time |old_backt |makespan |old_prop |new_time |new_backt |makespan |new_prop|
bl_20_1 | 0.0587981 | 42 | 16 | 44 | 2020-06-06
 10:06:07.705730100
Data/BL/
 BRANCHEMENT STATIQUE  
 Inst |old_time |old_backt |makespan |old_prop |new_time |new_backt |makespan |new_prop|
bl_20_1 | 0.0640263 | 42 | 16 | 44 | 2020-06-06
 13:52:42.898883300
Data/BL/
 BRANCHEMENT STATIQUE  
 Inst |old_time |old_backt |makespan |old_prop |new_time |new_backt |makespan |new_prop|
bl_20_7 | 12.669985 | 178809 | 19 | 179672 | 12.033016 | 123025 | 19 | 175676 |  
AVERAGE |12.669985 | 178809.0 | 179672.0 | 12.033016 | 123025.0 | 175676.0 |  
TIME RATIO  = 105.293512020-06-06
 13:56:00.117947300
Data/BL/
 BRANCHEMENT STATIQUE  
 Inst |old_time |old_backt |makespan |old_prop |new_time |new_backt |makespan |new_prop|
bl_20_7 | 13.0798645 | 178809 | 19 | 179672 | 12.186599 | 123025 | 19 | 175676 |  
bl_20_8 | 300.02032 | 9503091 | -1 | 1379015 | 300.02402 | 3723402 | -1 | 2580452 |  
AVERAGE |13.0798645 | 178809.0 | 179672.0 | 12.186599 | 123025.0 | 175676.0 |  
TIME RATIO  = 107.32992020-06-06
 19:03:18.628151800
Data/BL/
 BRANCHEMENT STATIQUE  
 Inst |old_time |old_backt |makespan |old_prop |new_time |new_backt |makespan |new_prop|
bl_20_7 | 12.417021 | 178809 | 19 | 179672 | 11.336709 | 123083 | 19 | 179714 |  
bl_20_8 | 300.01944 | 9925413 | -1 | 1424234 | 276.4057 | 4637425 | 20 | 3560842 |  
AVERAGE |12.417021 | 178809.0 | 179672.0 | 11.336709 | 123083.0 | 179714.0 |  
TIME RATIO  = 109.529332020-06-06
 19:17:43.299970600
Data/BL/
 BRANCHEMENT STATIQUE  
 Inst |old_time |old_backt |makespan |old_prop |new_time |new_backt |makespan |new_prop|
bl_20_1 | 0.070178695 | 42 | 16 | 44 | 0.0566255 | 42 | 16 | 105 |  
bl_20_2 | 0.0324425 | 63 | 16 | 86 | 0.0261675 | 63 | 16 | 157 |  
bl_20_3 | 300.00427 | 3876621 | -1 | 5735934 | 300.00027 | 2735928 | -1 | 5356681 |  
bl_20_4 | 0.0048103 | 59 | 18 | 54 | 0.0061111 | 35 | 18 | 51 |  
bl_20_5 | 300.0001 | 4844686 | -1 | 4497468 | 300.00015 | 2803702 | -1 | 5139128 |  
bl_20_6 | 0.1463967 | 3364 | 16 | 1325 | 0.3414849 | 3364 | 16 | 5077 |  
bl_20_7 | 11.443476 | 178809 | 19 | 179672 | 11.545003 | 123083 | 19 | 179714 |  
bl_20_8 | 300.00052 | 10023285 | -1 | 1436644 | 273.08572 | 4637425 | 20 | 3560842 |  
bl_20_9 | 0.0042019 | 86 | 14 | 30 | 0.0049734 | 84 | 14 | 57 |  
bl_20_10 | 0.0265016 | 337 | 16 | 234 | 0.0284296 | 218 | 16 | 444 |  
bl_20_11 | 0.0010798 | 23 | 17 | 4 | 0.001279501 | 23 | 17 | 10 |  
bl_20_12 | 300.00024 | 5526159 | -1 | 4945108 | 300.0001 | 3091266 | -1 | 7725063 |  
bl_20_13 | 0.0288526 | 358 | 17 | 500 | 0.0364914 | 308 | 17 | 647 |  
bl_20_14 | 8.399132 | 112857 | 18 | 81471 | 6.194798 | 44491 | 18 | 105727 |  
bl_20_15 | 0.0760404 | 1589 | 13 | 1278 | 0.0965273 | 1379 | 13 | 2193 |  
bl_20_16 | 33.13313 | 647573 | 19 | 511388 | 35.84111 | 509943 | 19 | 587224 |  
bl_20_17 | 0.0354109 | 549 | 15 | 512 | 0.0237359 | 303 | 15 | 537 |  
bl_20_18 | 1.6559225 | 37071 | 18 | 15805 | 1.8581711 | 26745 | 18 | 28030 |  
bl_20_19 | 0.001063499 | 22 | 14 | 11 | 9.673E-4 | 22 | 14 | 13 |  
bl_20_20 | 0.0749534 | 1352 | 15 | 807 | 0.077125296 | 858 | 15 | 1130 |  
AVERAGE |3.4458497 | 61509.625 | 49576.312 | 3.5086875 | 44435.062 | 56944.75 |  
TIME RATIO  = 98.2090762020-06-06
 20:04:12.626934
Data/BL/
 BRANCHEMENT DYNAMIQUE  
 Inst |old_time |old_backt |makespan |old_prop |new_time |new_backt |makespan |new_prop|
bl_20_1 | 0.13641329 | 201 | 16 | 271 | 0.1586467 | 186 | 16 | 471 |  
bl_20_2 | 0.0945922 | 367 | 16 | 341 | 0.2665624 | 381 | 16 | 719 |  
bl_20_3 | 1.0140752 | 4451 | 15 | 5256 | 0.9804803 | 4412 | 15 | 12609 |  
bl_20_4 | 0.001322201 | 13 | 18 | 4 | 0.001482899 | 13 | 18 | 16 |  
bl_20_5 | 51.91906 | 640383 | 19 | 1068927 | 98.581024 | 762548 | 19 | 1808350 |  
bl_20_6 | 0.001366599 | 15 | 16 | 9 | 0.001611201 | 15 | 16 | 22 |  
bl_20_7 | 1.9205775 | 26442 | 19 | 15937 | 2.0624971 | 19878 | 19 | 29878 |  
bl_20_8 | 0.0386212 | 773 | 20 | 594 | 0.0687343 | 1253 | 20 | 860 |  
bl_20_9 | 0.0031621 | 65 | 14 | 16 | 0.0015132 | 23 | 14 | 22 |  
bl_20_10 | 0.001565599 | 18 | 16 | 13 | 0.001565501 | 18 | 16 | 25 |  
bl_20_11 | 7.005E-4 | 15 | 17 | 2 | 0.0013302 | 16 | 17 | 9 |  
bl_20_12 | 4.903305 | 74241 | 18 | 91963 | 12.430365 | 111205 | 18 | 306153 |  
bl_20_13 | 0.0166665 | 243 | 17 | 237 | 0.0345297 | 266 | 17 | 570 |  
bl_20_14 | 0.0237021 | 262 | 18 | 179 | 0.0306135 | 172 | 18 | 329 |  
bl_20_15 | 0.014226 | 164 | 13 | 113 | 0.0198515 | 196 | 13 | 306 |  
bl_20_16 | 0.0211883 | 285 | 19 | 147 | 0.0133714 | 194 | 19 | 213 |  
bl_20_17 | 0.0639065 | 740 | 15 | 674 | 0.0785248 | 730 | 15 | 819 |  
bl_20_18 | 2.4421537 | 29013 | 18 | 37168 | 2.8177178 | 24329 | 18 | 43291 |  
bl_20_19 | 0.0010044 | 18 | 14 | 6 | 0.0012515 | 18 | 14 | 14 |  
bl_20_20 | 0.1354066 | 1976 | 15 | 1335 | 0.1562771 | 1523 | 15 | 2129 |  
AVERAGE |3.1376505 | 38984.25 | 61159.6 | 5.885398 | 46368.8 | 110340.25 |  
TIME RATIO  = 53.312462020-06-06
 20:38:36.397595800
Data/BL/
 BRANCHEMENT DYNAMIQUE  
 Inst |old_time |old_backt |makespan |old_prop |new_time |new_backt |makespan |new_prop|
bl_20_1 | 0.1429658 | 201 | 16 | 271 | 0.1801108 | 186 | 16 | 471 |  
bl_20_2 | 0.0587338 | 367 | 16 | 341 | 0.221277 | 381 | 16 | 719 |  
bl_20_3 | 0.9965986 | 4451 | 15 | 5256 | 1.2288725 | 4412 | 15 | 12609 |  
bl_20_4 | 0.0030366 | 13 | 18 | 4 | 0.0022144 | 13 | 18 | 16 |  
bl_20_5 | 54.91824 | 640383 | 19 | 1068927 | 97.554886 | 762548 | 19 | 1808350 |  
bl_20_6 | 0.0017368 | 15 | 16 | 9 | 0.0016924 | 15 | 16 | 22 |  
bl_20_7 | 1.9169152 | 26442 | 19 | 15937 | 2.0315268 | 19878 | 19 | 29878 |  
bl_20_8 | 0.0360927 | 773 | 20 | 594 | 0.0687692 | 1253 | 20 | 860 |  
bl_20_9 | 0.0030676 | 65 | 14 | 16 | 0.0022348 | 23 | 14 | 22 |  
bl_20_10 | 0.0012967 | 18 | 16 | 13 | 0.001489099 | 18 | 16 | 25 |  
bl_20_11 | 6.732E-4 | 15 | 17 | 2 | 8.86701E-4 | 16 | 17 | 9 |  
bl_20_12 | 4.8530364 | 74241 | 18 | 91963 | 12.196011 | 111205 | 18 | 306153 |  
bl_20_13 | 0.0163564 | 243 | 17 | 237 | 0.0257768 | 266 | 17 | 570 |  
bl_20_14 | 0.0214396 | 262 | 18 | 179 | 0.0246744 | 172 | 18 | 329 |  
bl_20_15 | 0.008934001 | 164 | 13 | 113 | 0.0137487 | 196 | 13 | 306 |  
bl_20_16 | 0.015653 | 285 | 19 | 147 | 0.0127917 | 194 | 19 | 213 |  
bl_20_17 | 0.0596009 | 740 | 15 | 674 | 0.0598926 | 730 | 15 | 819 |  
bl_20_18 | 2.326684 | 29013 | 18 | 37168 | 2.7798445 | 24329 | 18 | 43291 |  
bl_20_19 | 0.0012278 | 18 | 14 | 6 | 0.001171301 | 18 | 14 | 14 |  
bl_20_20 | 0.1356367 | 1976 | 15 | 1335 | 0.1564971 | 1523 | 15 | 2129 |  
AVERAGE |3.275896 | 38984.25 | 61159.6 | 5.828219 | 46368.8 | 110340.25 |  
TIME RATIO  = 56.20752020-06-06
 20:48:27.491870600
Data/BL/
 BRANCHEMENT DYNAMIQUE  
 Inst |old_time |old_backt |makespan |old_prop |new_time |new_backt |makespan |new_prop|
bl_20_1 | 0.21891181 | 201 | 16 | 271 | 0.1847813 | 201 | 16 | 0 |  
bl_20_2 | 0.0808646 | 367 | 16 | 341 | 0.18315859 | 334 | 16 | 0 |  
bl_20_3 | 1.1617254 | 4451 | 15 | 5256 | 0.50993353 | 4292 | 15 | 0 |  
bl_20_4 | 0.0012758 | 13 | 18 | 4 | 0.0014611 | 13 | 18 | 0 |  
bl_20_5 | 52.065388 | 640383 | 19 | 1068927 | 37.821514 | 608683 | 19 | 0 |  
bl_20_6 | 0.0016474 | 15 | 16 | 9 | 0.001238801 | 15 | 16 | 0 |  
bl_20_7 | 2.00332 | 26442 | 19 | 15937 | 1.3379445 | 17989 | 19 | 0 |  
bl_20_8 | 0.0596022 | 773 | 20 | 594 | 0.0146694 | 327 | 20 | 0 |  
bl_20_9 | 0.003156901 | 65 | 14 | 16 | 0.002805401 | 69 | 14 | 0 |  
bl_20_10 | 0.0012657 | 18 | 16 | 13 | 0.001103901 | 18 | 16 | 0 |  
bl_20_11 | 6.831E-4 | 15 | 17 | 2 | 6.333E-4 | 15 | 17 | 0 |  
bl_20_12 | 5.247416 | 74241 | 18 | 91963 | 4.4666595 | 86144 | 18 | 0 |  
bl_20_13 | 0.0179199 | 243 | 17 | 237 | 0.0159586 | 276 | 17 | 0 |  
bl_20_14 | 0.0231629 | 262 | 18 | 179 | 0.0121159 | 184 | 18 | 0 |  
bl_20_15 | 0.013956699 | 164 | 13 | 113 | 0.024157 | 256 | 13 | 0 |  
bl_20_16 | 0.0210661 | 285 | 19 | 147 | 0.013915801 | 284 | 19 | 0 |  
bl_20_17 | 0.0558629 | 740 | 15 | 674 | 0.0553117 | 783 | 15 | 0 |  
bl_20_18 | 2.5089054 | 29013 | 18 | 37168 | 1.971927 | 29429 | 18 | 0 |  
bl_20_19 | 0.001149 | 18 | 14 | 6 | 9.498E-4 | 18 | 14 | 0 |  
bl_20_20 | 0.19063489 | 1976 | 15 | 1335 | 0.150089 | 2624 | 15 | 0 |  
AVERAGE |3.1838956 | 38984.25 | 61159.6 | 2.3385162 | 37597.7 | 0.0 |  
TIME RATIO  = 136.150252020-06-07
 10:02:49.184501500
Data/BL/
 BRANCHEMENT DYNAMIQUE  
 Inst |old_time |old_backt |makespan |old_prop |new_time |new_backt |makespan |new_prop|
bl_20_1 | 0.2774452 | 201 | 16 | 271 | 0.1990744 | 182 | 16 | 474 |  
bl_20_2 | 0.1218655 | 367 | 16 | 341 | 0.17776151 | 399 | 16 | 762 |  
bl_20_3 | 1.1433964 | 4451 | 15 | 5256 | 1.4052086 | 5152 | 15 | 14486 |  
bl_20_4 | 0.0048061 | 13 | 18 | 4 | 0.0029103 | 13 | 18 | 16 |  
bl_20_5 | 61.758 | 640383 | 19 | 1068927 | 128.22331 | 756907 | 19 | 1863278 |  
bl_20_6 | 0.0060842 | 15 | 16 | 9 | 0.0034267 | 15 | 16 | 22 |  
bl_20_7 | 2.3805737 | 26442 | 19 | 15937 | 2.6028304 | 19482 | 19 | 30073 |  
bl_20_8 | 0.0409796 | 773 | 20 | 594 | 0.0784075 | 1251 | 20 | 868 |  
bl_20_9 | 0.0038338 | 65 | 14 | 16 | 0.0019855 | 23 | 14 | 22 |  
bl_20_10 | 0.001583 | 18 | 16 | 13 | 0.002126 | 18 | 16 | 25 |  
bl_20_11 | 0.00102 | 15 | 17 | 2 | 0.0014901 | 16 | 17 | 10 |  
bl_20_12 | 5.241242 | 74241 | 18 | 91963 | 10.4704685 | 78403 | 18 | 211706 |  
bl_20_13 | 0.0218185 | 243 | 17 | 237 | 0.0327073 | 248 | 17 | 489 |  
bl_20_14 | 0.0275803 | 262 | 18 | 179 | 0.028221 | 172 | 18 | 297 |  
bl_20_15 | 0.0123158 | 164 | 13 | 113 | 0.0165495 | 134 | 13 | 210 |  
bl_20_16 | 0.0245207 | 285 | 19 | 147 | 0.0198622 | 193 | 19 | 227 |  
bl_20_17 | 0.0616443 | 740 | 15 | 674 | 0.075471506 | 730 | 15 | 853 |  
bl_20_18 | 2.580546 | 29013 | 18 | 37168 | 3.681849 | 24269 | 18 | 45021 |  
bl_20_19 | 0.0015543 | 18 | 14 | 6 | 0.0015692 | 18 | 14 | 14 |  
bl_20_20 | 0.1594228 | 1976 | 15 | 1335 | 0.2299417 | 1574 | 15 | 2271 |  
AVERAGE |3.6935115 | 38984.25 | 61159.6 | 7.36276 | 44459.95 | 108556.2 |  
TIME RATIO  = 50.1647722020-06-07
 10:08:01.128573100
Data/BL/
 BRANCHEMENT DYNAMIQUE  
 Inst |old_time |old_backt |makespan |old_prop |new_time |new_backt |makespan |new_prop|
bl_20_1 | 0.1685178 | 201 | 16 | 271 | 0.2395655 | 182 | 16 | 474 |  
bl_20_2 | 0.0939418 | 367 | 16 | 341 | 0.2582499 | 399 | 16 | 762 |  
bl_20_3 | 0.9931513 | 4451 | 15 | 5256 | 1.1407465 | 5152 | 15 | 14486 |  
bl_20_4 | 0.0016094 | 13 | 18 | 4 | 0.0017457 | 13 | 18 | 16 |  
bl_20_5 | 54.65922 | 640383 | 19 | 1068927 | 122.648674 | 756907 | 19 | 1863278 |  
bl_20_6 | 0.0021671 | 15 | 16 | 9 | 0.0022871 | 15 | 16 | 22 |  
bl_20_7 | 2.0876257 | 26442 | 19 | 15937 | 2.3910797 | 19482 | 19 | 30073 |  
bl_20_8 | 0.0412994 | 773 | 20 | 594 | 0.0864857 | 1251 | 20 | 868 |  
bl_20_9 | 0.0039185 | 65 | 14 | 16 | 0.00255 | 23 | 14 | 22 |  
bl_20_10 | 0.0035508 | 18 | 16 | 13 | 0.0041443 | 18 | 16 | 25 |  
bl_20_11 | 0.0023678 | 15 | 17 | 2 | 0.0023022 | 16 | 17 | 10 |  
bl_20_12 | 5.4457374 | 74241 | 18 | 91963 | 10.725169 | 78403 | 18 | 211706 |  
bl_20_13 | 0.0184792 | 243 | 17 | 237 | 0.0285172 | 248 | 17 | 489 |  
bl_20_14 | 0.0236177 | 262 | 18 | 179 | 0.0275987 | 172 | 18 | 297 |  
bl_20_15 | 0.010075 | 164 | 13 | 113 | 0.016692 | 134 | 13 | 210 |  
bl_20_16 | 0.020286 | 285 | 19 | 147 | 0.019767 | 193 | 19 | 227 |  
bl_20_17 | 0.0748627 | 740 | 15 | 674 | 0.070124306 | 730 | 15 | 853 |  
bl_20_18 | 2.4849327 | 29013 | 18 | 37168 | 3.3825111 | 24269 | 18 | 45021 |  
bl_20_19 | 0.001312 | 18 | 14 | 6 | 0.00132 | 18 | 14 | 14 |  
bl_20_20 | 0.13958178 | 1976 | 15 | 1335 | 0.195961 | 1574 | 15 | 2271 |  
AVERAGE |3.3138127 | 38984.25 | 61159.6 | 7.062276 | 44459.95 | 108556.2 |  
TIME RATIO  = 46.922732020-06-07
 10:14:37.577338200
Data/BL/
 BRANCHEMENT DYNAMIQUE  
 Inst |old_time |old_backt |makespan |old_prop |new_time |new_backt |makespan |new_prop|
bl_20_1 | 0.192004 | 201 | 16 | 271 | 0.3057422 | 186 | 16 | 471 |  
bl_20_2 | 0.083512 | 367 | 16 | 341 | 0.2114807 | 381 | 16 | 719 |  
bl_20_3 | 1.4706597 | 4451 | 15 | 5256 | 1.3349843 | 4412 | 15 | 12609 |  
bl_20_4 | 0.002824 | 13 | 18 | 4 | 0.0031979 | 13 | 18 | 16 |  
bl_20_5 | 61.80731 | 640383 | 19 | 1068927 | 116.18118 | 762548 | 19 | 1808350 |  
bl_20_6 | 0.0055177 | 15 | 16 | 9 | 0.0040516 | 15 | 16 | 22 |  
bl_20_7 | 2.0558262 | 26442 | 19 | 15937 | 2.57866 | 19878 | 19 | 29878 |  
bl_20_8 | 0.0488039 | 773 | 20 | 594 | 0.0837334 | 1253 | 20 | 860 |  
bl_20_9 | 0.0087313 | 65 | 14 | 16 | 0.0047296 | 23 | 14 | 22 |  
bl_20_10 | 0.0022728 | 18 | 16 | 13 | 0.0028753 | 18 | 16 | 25 |  
bl_20_11 | 8.632E-4 | 15 | 17 | 2 | 0.0012583 | 16 | 17 | 9 |  
bl_20_12 | 5.12412 | 74241 | 18 | 91963 | 13.284215 | 111205 | 18 | 306153 |  
bl_20_13 | 0.0220534 | 243 | 17 | 237 | 0.0329009 | 266 | 17 | 570 |  
bl_20_14 | 0.0251638 | 262 | 18 | 179 | 0.0351971 | 172 | 18 | 329 |  
bl_20_15 | 0.0164463 | 164 | 13 | 113 | 0.0291418 | 196 | 13 | 306 |  
bl_20_16 | 0.0331508 | 285 | 19 | 147 | 0.0166954 | 194 | 19 | 213 |  
bl_20_17 | 0.0614182 | 740 | 15 | 674 | 0.0592383 | 730 | 15 | 819 |  
bl_20_18 | 2.5515316 | 29013 | 18 | 37168 | 3.051288 | 24329 | 18 | 43291 |  
bl_20_19 | 0.0013791 | 18 | 14 | 6 | 0.0012087 | 18 | 14 | 14 |  
bl_20_20 | 0.1499908 | 1976 | 15 | 1335 | 0.19609581 | 1523 | 15 | 2129 |  
AVERAGE |3.6831791 | 38984.25 | 61159.6 | 6.870893 | 46368.8 | 110340.25 |  
TIME RATIO  = 53.6055372020-06-07
 15:55:49.946247700
Data/BL/
 BRANCHEMENT DYNAMIQUE  
 Inst |old_time |old_backt |makespan |old_prop |new_time |new_backt |makespan |new_prop|
bl_25_1 | 151.71466 | 920842 | 27 | 1470363 | 139.83624 | 477473 | 27 | 1357448 |  
bl_25_2 | 18.654587 | 123463 | 29 | 107783 | 32.09015 | 146194 | 29 | 321092 |  
bl_25_3 | 34.91271 | 276605 | 23 | 221147 | 38.491356 | 201100 | 23 | 403244 |  
bl_25_4 | 0.0938123 | 651 | 22 | 858 | 0.084989 | 376 | 22 | 974 |  
bl_25_5 | 1.8163991 | 25288 | 28 | 15932 | 1.11498 | 9119 | 28 | 11076 |  
bl_25_6 | 0.08076031 | 673 | 33 | 199 | 0.078326896 | 597 | 33 | 435 |  
bl_25_7 | 300.00018 | 2443536 | -1 | 1916414 | 300.0199 | 1534387 | -1 | 2145756 |  
bl_25_8 | 0.80825084 | 6327 | 24 | 10922 | 1.5188656 | 6975 | 24 | 21782 |  
bl_25_9 | 0.5033642 | 4422 | 27 | 4235 | 0.5699796 | 2716 | 27 | 5989 |  
bl_25_10 | 0.0036585 | 18 | 23 | 7 | 0.0034543 | 18 | 23 | 14 |  
bl_25_11 | 0.0357376 | 302 | 24 | 398 | 0.0406194 | 203 | 24 | 519 |  
bl_25_12 | 300.00906 | 2754411 | -1 | 1407276 | 300.00015 | 1948570 | -1 | 1563313 |  
bl_25_13 | 0.3235635 | 4956 | 17 | 2803 | 0.1898309 | 3322 | 17 | 1040 |  
bl_25_14 | 1.2288374 | 13243 | 30 | 5410 | 1.4447163 | 13387 | 30 | 8438 |  
bl_25_15 | 0.1077426 | 755 | 20 | 1483 | 0.0566023 | 227 | 20 | 855 |  
bl_25_16 | 0.087007694 | 907 | 20 | 645 | 0.39635468 | 3100 | 20 | 4254 |  
bl_25_17 | 1.0136003 | 7911 | 26 | 6115 | 0.92769265 | 5585 | 26 | 6412 |  
bl_25_18 | 12.059253 | 101580 | 23 | 126931 | 15.496561 | 75747 | 23 | 177428 |  
bl_25_19 | 4.2342353 | 41929 | 23 | 27470 | 4.082797 | 29386 | 23 | 29958 |  
bl_25_20 | 13.959003 | 146615 | 28 | 64181 | 25.139463 | 136448 | 28 | 169133 |  
AVERAGE |13.424288 | 93138.164 | 114826.78 | 14.531276 | 61776.277 | 140005.06 |  
TIME RATIO  = 92.3820342020-06-07
 17:09:19.057738
Data/BL/
 BRANCHEMENT DYNAMIQUE  
 Inst |old_time |old_backt |makespan |old_prop |new_time |new_backt |makespan |new_prop|
bl_25_1 | 146.10658 | 920842 | 27 | 1470363 | 139.3932 | 507677 | 27 | 1421599 |  
bl_25_2 | 18.50005 | 123463 | 29 | 107783 | 24.45145 | 108957 | 29 | 240784 |  
bl_25_3 | 29.839657 | 276605 | 23 | 221147 | 34.921616 | 180418 | 23 | 360815 |  
bl_25_4 | 0.0893429 | 651 | 22 | 858 | 0.0787754 | 340 | 22 | 1011 |  
bl_25_5 | 1.8602095 | 25288 | 28 | 15932 | 1.2241113 | 9689 | 28 | 12130 |  
bl_25_6 | 0.0647538 | 673 | 33 | 199 | 0.074833 | 597 | 33 | 436 |  
bl_25_7 | 300.0283 | 2429488 | -1 | 1904891 | 300.04126 | 1489152 | -1 | 2114926 |  
bl_25_8 | 0.7806237 | 6327 | 24 | 10922 | 1.0209835 | 4488 | 24 | 14107 |  
bl_25_9 | 0.5178778 | 4422 | 27 | 4235 | 0.9929776 | 4386 | 27 | 10612 |  
bl_25_10 | 0.0033576 | 18 | 23 | 7 | 0.0027046 | 18 | 23 | 14 |  
bl_25_11 | 0.0348524 | 302 | 24 | 398 | 0.0324322 | 165 | 24 | 361 |  
bl_25_12 | 300.00177 | 2763409 | -1 | 1414190 | 300.00098 | 1888463 | -1 | 1524930 |  
bl_25_13 | 0.345364 | 4956 | 17 | 2803 | 0.21342151 | 3405 | 17 | 1013 |  
bl_25_14 | 1.2638831 | 13243 | 30 | 5410 | 1.6733034 | 13387 | 30 | 10327 |  
bl_25_15 | 0.1070846 | 755 | 20 | 1483 | 0.0512506 | 223 | 20 | 746 |  
bl_25_16 | 0.0902558 | 907 | 20 | 645 | 0.34832028 | 2630 | 20 | 3752 |  
bl_25_17 | 1.0429255 | 7911 | 26 | 6115 | 0.94882387 | 5575 | 26 | 6653 |  
bl_25_18 | 12.045802 | 101580 | 23 | 126931 | 15.855987 | 76904 | 23 | 179792 |  
bl_25_19 | 4.2902575 | 41929 | 23 | 27470 | 2.2103667 | 15771 | 23 | 15521 |  
bl_25_20 | 14.008458 | 146615 | 28 | 64181 | 23.115759 | 133958 | 28 | 161842 |  
AVERAGE |12.832852 | 93138.164 | 114826.78 | 13.700573 | 59366.0 | 135639.72 |  
TIME RATIO  = 93.6665342020-06-07
 17:47:08.513919100
Data/BL/
 BRANCHEMENT DYNAMIQUE  
 Inst |old_time |old_backt |makespan |old_prop |new_time |new_backt |makespan |new_prop|
bl_20_1 | 0.1405416 | 201 | 16 | 271 | 0.2304058 | 198 | 16 | 506 |  
bl_20_2 | 0.0926304 | 367 | 16 | 341 | 0.2481961 | 399 | 16 | 753 |  
bl_20_3 | 1.1160426 | 4451 | 15 | 5256 | 0.84540087 | 3946 | 15 | 11491 |  
bl_20_4 | 0.0015272 | 13 | 18 | 4 | 0.001626 | 13 | 18 | 16 |  
bl_20_5 | 54.078903 | 640383 | 19 | 1068927 | 112.4458 | 761035 | 19 | 1870835 |  
bl_20_6 | 0.0012644 | 15 | 16 | 9 | 0.0015729 | 15 | 16 | 22 |  
bl_20_7 | 1.9256554 | 26442 | 19 | 15937 | 2.348306 | 20073 | 19 | 31500 |  
bl_20_8 | 0.0389635 | 773 | 20 | 594 | 0.072747 | 1253 | 20 | 876 |  
bl_20_9 | 0.003246 | 65 | 14 | 16 | 0.0017406 | 23 | 14 | 22 |  
bl_20_10 | 0.0012907 | 18 | 16 | 13 | 0.0015531 | 18 | 16 | 25 |  
bl_20_11 | 7.273E-4 | 15 | 17 | 2 | 9.017E-4 | 17 | 17 | 9 |  
bl_20_12 | 4.994547 | 74241 | 18 | 91963 | 9.17996 | 70924 | 18 | 189114 |  
bl_20_13 | 0.0158764 | 243 | 17 | 237 | 0.0268481 | 264 | 17 | 538 |  
bl_20_14 | 0.0215487 | 262 | 18 | 179 | 0.0399423 | 210 | 18 | 432 |  
bl_20_15 | 0.0140096 | 164 | 13 | 113 | 0.0119256 | 134 | 13 | 198 |  
bl_20_16 | 0.013226 | 285 | 19 | 147 | 0.0149383 | 193 | 19 | 238 |  
bl_20_17 | 0.0552112 | 740 | 15 | 674 | 0.0638651 | 730 | 15 | 917 |  
bl_20_18 | 2.3415613 | 29013 | 18 | 37168 | 3.2820456 | 24471 | 18 | 44650 |  
bl_20_19 | 0.0017788 | 18 | 14 | 6 | 0.0014381 | 18 | 14 | 14 |  
bl_20_20 | 0.15631539 | 1976 | 15 | 1335 | 0.2166552 | 1535 | 15 | 2262 |  
AVERAGE |3.2507434 | 38984.25 | 61159.6 | 6.4517937 | 44273.45 | 107720.9 |  
TIME RATIO  = 50.3851132020-06-07
 17:54:53.233669100
Data/BL/
 BRANCHEMENT STATIQUE  
 Inst |old_time |old_backt |makespan |old_prop |new_time |new_backt |makespan |new_prop|
bl_20_1 | 0.0488251 | 42 | 16 | 44 | 0.0575992 | 42 | 16 | 101 |  
bl_20_2 | 0.0306837 | 63 | 16 | 86 | 0.0267175 | 63 | 16 | 156 |  
bl_20_3 | 300.00653 | 3886754 | -1 | 5747022 | 300.01572 | 2282141 | -1 | 4780593 |  
bl_20_4 | 0.016023 | 59 | 18 | 54 | 0.0074809 | 35 | 18 | 62 |  
bl_20_5 | 300.00024 | 4870189 | -1 | 4519554 | 300.01505 | 2506025 | -1 | 4657981 |  
bl_20_6 | 0.1581804 | 3364 | 16 | 1325 | 0.3980695 | 3364 | 16 | 5990 |  
bl_20_7 | 11.534765 | 178809 | 19 | 179672 | 13.279241 | 122019 | 19 | 203419 |  
bl_20_8 | 300.008 | 10187451 | -1 | 1447168 | 300.00064 | 4209267 | -1 | 2983138 |  
bl_20_9 | 0.0062696 | 86 | 14 | 30 | 0.0053472 | 84 | 14 | 73 |  
bl_20_10 | 0.0261207 | 337 | 16 | 234 | 0.0205336 | 168 | 16 | 315 |  
bl_20_11 | 0.0012099 | 23 | 17 | 4 | 0.0011731 | 23 | 17 | 9 |  
bl_20_12 | 300.0005 | 5526152 | -1 | 4945092 | 300.0002 | 2658066 | -1 | 6761656 |  
bl_20_13 | 0.0309159 | 358 | 17 | 500 | 0.0403113 | 324 | 17 | 671 |  
bl_20_14 | 8.656838 | 112857 | 18 | 81471 | 6.2742167 | 36933 | 18 | 88310 |  
bl_20_15 | 0.0754128 | 1589 | 13 | 1278 | 0.1046609 | 1331 | 13 | 2110 |  
bl_20_16 | 34.264698 | 647573 | 19 | 511388 | 38.165855 | 434849 | 19 | 525204 |  
bl_20_17 | 0.0346005 | 549 | 15 | 512 | 0.0232602 | 303 | 15 | 548 |  
bl_20_18 | 1.667309 | 37071 | 18 | 15805 | 1.9352486 | 26541 | 18 | 28558 |  
bl_20_19 | 9.265E-4 | 22 | 14 | 11 | 0.0013142 | 22 | 14 | 12 |  
bl_20_20 | 0.0756766 | 1352 | 15 | 807 | 0.08375929 | 838 | 15 | 1126 |  
AVERAGE |3.5392785 | 61509.625 | 49576.312 | 3.7765493 | 39183.688 | 53541.5 |  
TIME RATIO  = 93.717262020-06-08
 14:56:43.018734200
Data/BL/
 BRANCHEMENT STATIQUE  
 Inst |old_time |old_backt |makespan |old_prop |new_time |new_backt |makespan |new_prop|
bl_20_7 | 12.987412 | 178809 | 19 | 179672 | 14.527676 | 122019 | 19 | 203419 |  
bl_20_8 | 300.01923 | 10643307 | -1 | 1505654 | 300.00125 | 4322079 | -1 | 3073573 |  
AVERAGE |12.987412 | 178809.0 | 179672.0 | 14.527676 | 122019.0 | 203419.0 |  
TIME RATIO  = 89.3977362020-06-08
 15:15:38.870961900
Data/BL/
 BRANCHEMENT DYNAMIQUE  
 Inst |old_time |old_backt |makespan |old_prop |new_time |new_backt |makespan |new_prop|
bl_25_1 | 148.21712 | 920842 | 27 | 1470363 | 142.86172 | 507677 | 27 | 1421599 |  
bl_25_2 | 17.702341 | 123463 | 29 | 107783 | 24.229439 | 108957 | 29 | 240784 |  
bl_25_3 | 31.023676 | 276605 | 23 | 221147 | 35.70796 | 180418 | 23 | 360815 |  
bl_25_4 | 0.1068773 | 651 | 22 | 858 | 0.08393689 | 340 | 22 | 1011 |  
bl_25_5 | 1.8957082 | 25288 | 28 | 15932 | 1.2277017 | 9689 | 28 | 12130 |  
bl_25_6 | 0.067200705 | 673 | 33 | 199 | 0.0741424 | 597 | 33 | 436 |  
bl_25_7 | 300.0029 | 2468614 | -1 | 1936156 | 300.00034 | 1562861 | -1 | 2194828 |  
bl_25_8 | 0.77787113 | 6327 | 24 | 10922 | 0.98953813 | 4488 | 24 | 14107 |  
bl_25_9 | 0.4872484 | 4422 | 27 | 4235 | 0.94418114 | 4386 | 27 | 10612 |  
bl_25_10 | 0.0024941 | 18 | 23 | 7 | 0.0029737 | 18 | 23 | 14 |  
bl_25_11 | 0.0346807 | 302 | 24 | 398 | 0.0288196 | 165 | 24 | 361 |  
bl_25_12 | 300.0001 | 2825118 | -1 | 1464914 | 300.0001 | 1916811 | -1 | 1550364 |  
bl_25_13 | 0.3118488 | 4956 | 17 | 2803 | 0.1906436 | 3405 | 17 | 1013 |  
bl_25_14 | 1.2134188 | 13243 | 30 | 5410 | 1.5573684 | 13387 | 30 | 10327 |  
bl_25_15 | 0.1060456 | 755 | 20 | 1483 | 0.0512142 | 223 | 20 | 746 |  
bl_25_16 | 0.090342306 | 907 | 20 | 645 | 0.34428498 | 2630 | 20 | 3752 |  
bl_25_17 | 0.9891136 | 7911 | 26 | 6115 | 0.9354201 | 5575 | 26 | 6653 |  
bl_25_18 | 11.840673 | 101580 | 23 | 126931 | 15.985847 | 76904 | 23 | 179792 |  
bl_25_19 | 4.192149 | 41929 | 23 | 27470 | 2.171142 | 15771 | 23 | 15521 |  
bl_25_20 | 13.755307 | 146615 | 28 | 64181 | 23.00421 | 133958 | 28 | 161842 |  
AVERAGE |12.934118 | 93138.164 | 114826.78 | 13.910587 | 59366.0 | 135639.72 |  
TIME RATIO  = 92.98042020-06-08
 16:00:37.004143900
Data/BL/
 BRANCHEMENT DYNAMIQUE  
 Inst |old_time |old_backt |makespan |old_prop |new_time |new_backt |makespan |new_prop|
bl_25_1 | 146.07718 | 920842 | 27 | 1470363 | 88.72869 | 394684 | 27 | 927353 |  
bl_25_2 | 17.411213 | 123463 | 29 | 107783 | 20.602434 | 105469 | 29 | 212879 |  
bl_25_3 | 29.190634 | 276605 | 23 | 221147 | 24.565477 | 151838 | 23 | 263091 |  
bl_25_4 | 0.0853996 | 651 | 22 | 858 | 0.048343 | 278 | 22 | 600 |  
bl_25_5 | 1.763792 | 25288 | 28 | 15932 | 0.7216243 | 6453 | 28 | 7916 |  
bl_25_6 | 0.0603324 | 673 | 33 | 199 | 0.0708559 | 518 | 33 | 407 |  
bl_25_7 | 300.0221 | 2491283 | -1 | 1958665 | 300.00168 | 1773163 | -1 | 2296272 |  
bl_25_8 | 0.8098727 | 6327 | 24 | 10922 | 0.70856625 | 3881 | 24 | 11232 |  
bl_25_9 | 0.48463368 | 4422 | 27 | 4235 | 0.43974108 | 2534 | 27 | 4924 |  
bl_25_10 | 0.0023812 | 18 | 23 | 7 | 0.0027382 | 18 | 23 | 14 |  
bl_25_11 | 0.0347689 | 302 | 24 | 398 | 0.05859 | 388 | 24 | 742 |  
bl_25_12 | 300.0004 | 2793703 | -1 | 1436720 | 300.02847 | 2068822 | -1 | 1542819 |  
bl_25_13 | 0.3347719 | 4956 | 17 | 2803 | 0.1891624 | 3630 | 17 | 777 |  
bl_25_14 | 1.2704251 | 13243 | 30 | 5410 | 0.87359643 | 7085 | 30 | 5907 |  
bl_25_15 | 0.117866494 | 755 | 20 | 1483 | 0.0766117 | 354 | 20 | 823 |  
bl_25_16 | 0.102383904 | 907 | 20 | 645 | 0.22404861 | 1669 | 20 | 1968 |  
bl_25_17 | 1.0772496 | 7911 | 26 | 6115 | 0.840254 | 5271 | 26 | 5661 |  
bl_25_18 | 12.6574545 | 101580 | 23 | 126931 | 10.480193 | 57842 | 23 | 122793 |  
bl_25_19 | 4.4532166 | 41929 | 23 | 27470 | 3.142056 | 26001 | 23 | 25668 |  
bl_25_20 | 14.404677 | 146615 | 28 | 64181 | 16.859978 | 104390 | 28 | 124086 |  
AVERAGE |12.796571 | 93138.164 | 114826.78 | 9.368498 | 48461.277 | 95380.055 |  
TIME RATIO  = 136.591482020-06-08
 16:33:37.637734200
Data/BL/
 BRANCHEMENT STATIQUE  
 Inst |old_time |old_backt |makespan |old_prop |new_time |new_backt |makespan |new_prop|
bl_20_8 | 300.0332 | 10694328 | -1 | 1511806 | 300.0058 | 4265067 | -1 | 3020443 |  
AVERAGE |NaN | NaN | NaN | NaN | NaN | NaN |  
TIME RATIO  = NaN2020-06-08
 16:43:38.235714100
Data/BL/
 BRANCHEMENT DYNAMIQUE  
 Inst |old_time |old_backt |makespan |old_prop |new_time |new_backt |makespan |new_prop|
bl_20_8 | 0.0498216 | 773 | 20 | 594 | 0.0945234 | 1253 | 20 | 876 |  
AVERAGE |0.0498216 | 773.0 | 594.0 | 0.0945234 | 1253.0 | 876.0 |  
TIME RATIO  = 52.708222020-06-11
 14:41:44.920972400
Data/BL/
 BRANCHEMENT STATIQUE  
 Inst |old_time |old_backt |makespan |old_prop |new_time |new_backt |makespan |new_prop|
bl_20_8 | 300.0262 | 8475402 | -1 | 1304375 | 2020-06-11
 14:47:11.423964
Data/BL/
 BRANCHEMENT STATIQUE  
 Inst |old_time |old_backt |makespan |old_prop |new_time |new_backt |makespan |new_prop|
bl_20_8 | 300.03134 | 9227090 | -1 | 1344630 | 255.83426 | 3541202 | 20 | 2438031 |  
AVERAGE |NaN | NaN | NaN | NaN | NaN | NaN |  
TIME RATIO  = NaN2020-06-11
 15:30:46.438341100
Data/BL/
 BRANCHEMENT STATIQUE  
 Inst |old_time |old_backt |makespan |old_prop |new_time |new_backt |makespan |new_prop|
bl_20_1 | 0.0584998 | 42 | 16 | 44 | 2020-06-11
 15:30:46.939547700
Data/BL/
 BRANCHEMENT DYNAMIQUE  
 Inst |old_time |old_backt |makespan |old_prop |new_time |new_backt |makespan |new_prop|
bl_20_1 | 0.0943176 | 201 | 16 | 271 | 2020-06-11
 15:50:45.847555700
Data/BL/
 BRANCHEMENT STATIQUE  
 Inst |old_time |old_backt |makespan |old_prop |new_time |new_backt |makespan |new_prop|
bl_20_1 | 0.0562519 | 42 | 16 | 44 | 0.0525282 | 42 | 16 | 101 |  
bl_20_2 | 0.0238528 | 63 | 16 | 86 | 0.0221787 | 63 | 16 | 152 |  
bl_20_3 | 300.03525 | 3782885 | -1 | 5592429 | 300.02432 | 2288752 | -1 | 4818930 |  
bl_20_4 | 0.0103904 | 59 | 18 | 54 | 0.0061457 | 35 | 18 | 61 |  
bl_20_5 | 300.0214 | 4790750 | -1 | 4452983 | 300.02606 | 2443151 | -1 | 4507498 |  
bl_20_6 | 0.16652289 | 3364 | 16 | 1325 | 0.4494321 | 3364 | 16 | 6044 |  
bl_20_7 | 11.655179 | 178809 | 19 | 179672 | 13.592098 | 122019 | 19 | 202033 |  
bl_20_8 | 300.00006 | 10170806 | -1 | 1446118 | 300.00027 | 4218977 | -1 | 2978925 |  
bl_20_9 | 0.0049235 | 86 | 14 | 30 | 0.0050103 | 84 | 14 | 73 |  
bl_20_10 | 0.0283329 | 337 | 16 | 234 | 0.0195908 | 174 | 16 | 336 |  
bl_20_11 | 9.027E-4 | 23 | 17 | 4 | 0.0012349 | 23 | 17 | 9 |  
bl_20_12 | 300.00006 | 5496874 | -1 | 4916328 | 300.00583 | 2638417 | -1 | 6707576 |  
bl_20_13 | 0.0279625 | 358 | 17 | 500 | 0.0402384 | 324 | 17 | 659 |  
bl_20_14 | 8.424408 | 112857 | 18 | 81471 | 5.851515 | 36949 | 18 | 88264 |  
bl_20_15 | 0.07835951 | 1589 | 13 | 1278 | 0.1027597 | 1331 | 13 | 2108 |  
bl_20_16 | 33.348133 | 647573 | 19 | 511388 | 37.448963 | 434849 | 19 | 528524 |  
bl_20_17 | 0.0357686 | 549 | 15 | 512 | 0.02423 | 303 | 15 | 539 |  
bl_20_18 | 1.6997274 | 37071 | 18 | 15805 | 1.9363806 | 26541 | 18 | 28781 |  
bl_20_19 | 8.923E-4 | 22 | 14 | 11 | 0.0012131 | 22 | 14 | 12 |  
bl_20_20 | 0.0743832 | 1352 | 15 | 807 | 0.092244 | 838 | 15 | 1136 |  
AVERAGE |3.4772494 | 61509.625 | 49576.312 | 3.7278605 | 39185.062 | 53677.0 |  
TIME RATIO  = 93.277342020-06-11
 16:32:42.333728700
Data/BL/
 BRANCHEMENT DYNAMIQUE  
 Inst |old_time |old_backt |makespan |old_prop |new_time |new_backt |makespan |new_prop|
bl_20_1 | 0.0273172 | 201 | 16 | 271 | 0.0354233 | 198 | 16 | 506 |  
bl_20_2 | 0.0303656 | 367 | 16 | 341 | 0.0465183 | 399 | 16 | 774 |  
bl_20_3 | 0.44965732 | 4451 | 15 | 5256 | 0.68036836 | 3946 | 15 | 11519 |  
bl_20_4 | 0.0012832 | 13 | 18 | 4 | 0.0016574 | 13 | 18 | 16 |  
bl_20_5 | 52.528408 | 640383 | 19 | 1068927 | 109.557045 | 733010 | 19 | 1734206 |  
bl_20_6 | 0.0011567 | 15 | 16 | 9 | 0.0016841 | 15 | 16 | 22 |  
bl_20_7 | 1.9447206 | 26442 | 19 | 15937 | 2.3129897 | 19437 | 19 | 30033 |  
bl_20_8 | 0.0361291 | 773 | 20 | 594 | 0.0746156 | 1253 | 20 | 872 |  
bl_20_9 | 0.0031562 | 65 | 14 | 16 | 0.0016541 | 23 | 14 | 22 |  
bl_20_10 | 0.0012244 | 18 | 16 | 13 | 0.0015249 | 18 | 16 | 25 |  
bl_20_11 | 6.598E-4 | 15 | 17 | 2 | 8.809E-4 | 17 | 17 | 9 |  
bl_20_12 | 5.011467 | 74241 | 18 | 91963 | 9.397104 | 71746 | 18 | 189821 |  
bl_20_13 | 0.0166888 | 243 | 17 | 237 | 0.0278913 | 264 | 17 | 540 |  
bl_20_14 | 0.0237152 | 262 | 18 | 179 | 0.0393086 | 210 | 18 | 432 |  
bl_20_15 | 0.0104745 | 164 | 13 | 113 | 0.0114092 | 134 | 13 | 208 |  
bl_20_16 | 0.0135851 | 285 | 19 | 147 | 0.0165689 | 193 | 19 | 238 |  
bl_20_17 | 0.0544247 | 740 | 15 | 674 | 0.0655988 | 730 | 15 | 917 |  
bl_20_18 | 2.4041088 | 29013 | 18 | 37168 | 3.2383204 | 24495 | 18 | 43986 |  
bl_20_19 | 0.0010368 | 18 | 14 | 6 | 0.0012026 | 18 | 14 | 14 |  
bl_20_20 | 0.1396584 | 1976 | 15 | 1335 | 0.1883198 | 1535 | 15 | 2268 |  
AVERAGE |3.2870893 | 48995.527 | 56011.473 | 5.148496 | 41239.305 | 79868.336 |  
TIME RATIO  = 63.8456232020-06-11
 17:32:15.418952600
Data/BL/
 BRANCHEMENT STATIQUE  
 Inst |old_time |old_backt |makespan |old_prop |new_time |new_backt |makespan |new_prop|
bl_20_1 | 0.0534579 | 42 | 16 | 44 | 0.0524694 | 42 | 16 | 105 |  
bl_20_2 | 0.0305697 | 63 | 16 | 86 | 0.0229763 | 63 | 16 | 157 |  
bl_20_3 | 300.00018 | 3900006 | -1 | 5764571 | 300.00894 | 2764099 | -1 | 5415827 |  
bl_20_4 | 0.0050776 | 59 | 18 | 54 | 0.0041925 | 35 | 18 | 51 |  
bl_20_5 | 300.00012 | 4888313 | -1 | 4536023 | 300.01935 | 2814868 | -1 | 5163479 |  
bl_20_6 | 0.1550415 | 3364 | 16 | 1325 | 0.3373213 | 3364 | 16 | 5077 |  
bl_20_7 | 11.410085 | 178809 | 19 | 179672 | 11.104019 | 123083 | 19 | 179714 |  
bl_20_8 | 300.00616 | 10415202 | -1 | 1477640 | 268.82645 | 4637425 | 20 | 3560842 |  
bl_20_9 | 0.0050191 | 86 | 14 | 30 | 0.0048334 | 84 | 14 | 57 |  
bl_20_10 | 0.0258158 | 337 | 16 | 234 | 0.0277627 | 218 | 16 | 444 |  
bl_20_11 | 0.0013633 | 23 | 17 | 4 | 0.0014681 | 23 | 17 | 10 |  
bl_20_12 | 300.00003 | 5601850 | -1 | 5015232 | 300.00586 | 3091766 | -1 | 7726666 |  
bl_20_13 | 0.0307048 | 358 | 17 | 500 | 0.0367403 | 308 | 17 | 647 |  
bl_20_14 | 8.511371 | 112857 | 18 | 81471 | 6.2732763 | 44491 | 18 | 105727 |  
bl_20_15 | 0.0744792 | 1589 | 13 | 1278 | 0.098017 | 1379 | 13 | 2193 |  
bl_20_16 | 33.428772 | 647573 | 19 | 511388 | 35.526417 | 509943 | 19 | 587224 |  
bl_20_17 | 0.0353275 | 549 | 15 | 512 | 0.0220465 | 303 | 15 | 537 |  
bl_20_18 | 1.6598691 | 37071 | 18 | 15805 | 1.846977 | 26745 | 18 | 28030 |  
bl_20_19 | 9.422E-4 | 22 | 14 | 11 | 0.0026975 | 22 | 14 | 13 |  
bl_20_20 | 0.077685 | 1352 | 15 | 807 | 0.0739292 | 858 | 15 | 1130 |  
AVERAGE |3.469099 | 61509.625 | 49576.312 | 3.4646964 | 44435.062 | 56944.75 |  
TIME RATIO  = 100.1270752020-06-11
 18:13:36.072308600
Data/BL/
 BRANCHEMENT DYNAMIQUE  
 Inst |old_time |old_backt |makespan |old_prop |new_time |new_backt |makespan |new_prop|
bl_20_1 | 0.0299021 | 201 | 16 | 271 | 0.0312766 | 186 | 16 | 471 |  
bl_20_2 | 0.0292694 | 367 | 16 | 341 | 0.0381724 | 381 | 16 | 719 |  
bl_20_3 | 0.4441229 | 4451 | 15 | 5256 | 0.684029 | 4412 | 15 | 12609 |  
bl_20_4 | 0.0010901 | 13 | 18 | 4 | 0.0013733 | 13 | 18 | 16 |  
bl_20_5 | 51.99976 | 640383 | 19 | 1068927 | 101.77022 | 762548 | 19 | 1808350 |  
bl_20_6 | 0.0029922 | 15 | 16 | 9 | 0.0018773 | 15 | 16 | 22 |  
bl_20_7 | 1.9614885 | 26442 | 19 | 15937 | 2.113038 | 19878 | 19 | 29878 |  
bl_20_8 | 0.0367257 | 773 | 20 | 594 | 0.0739716 | 1253 | 20 | 860 |  
bl_20_9 | 0.003279 | 65 | 14 | 16 | 0.0017791 | 23 | 14 | 22 |  
bl_20_10 | 0.0013667 | 18 | 16 | 13 | 0.0014578 | 18 | 16 | 25 |  
bl_20_11 | 7.167E-4 | 15 | 17 | 2 | 9.049E-4 | 16 | 17 | 9 |  
bl_20_12 | 4.9486027 | 74241 | 18 | 91963 | 12.783706 | 111205 | 18 | 306153 |  
bl_20_13 | 0.0176777 | 243 | 17 | 237 | 0.0263641 | 266 | 17 | 570 |  
bl_20_14 | 0.0228738 | 262 | 18 | 179 | 0.027128 | 172 | 18 | 329 |  
bl_20_15 | 0.0092501 | 164 | 13 | 113 | 0.0150651 | 196 | 13 | 306 |  
bl_20_16 | 0.0137198 | 285 | 19 | 147 | 0.0135514 | 194 | 19 | 213 |  
bl_20_17 | 0.0617543 | 740 | 15 | 674 | 0.0695483 | 730 | 15 | 819 |  
bl_20_18 | 2.5574975 | 29013 | 18 | 37168 | 2.9092128 | 24329 | 18 | 43291 |  
bl_20_19 | 0.0010619 | 18 | 14 | 6 | 0.0012493 | 18 | 14 | 14 |  
bl_20_20 | 0.14601311 | 1976 | 15 | 1335 | 0.1596504 | 1523 | 15 | 2129 |  
AVERAGE |3.2720761 | 48995.527 | 56011.473 | 4.8932977 | 45509.36 | 86608.914 |  
TIME RATIO  = 66.868522020-06-12
 15:53:27.120587100
Data/BL/
 BRANCHEMENT STATIQUE  
 Inst |old_time |old_backt |makespan |old_prop |new_time |new_backt |makespan |new_prop|
bl_20_1 | 0.0524516 | 42 | 16 | 44 | 0.0403514 | 42 | 16 | 74 |  
bl_20_2 | 0.0262279 | 63 | 16 | 86 | 0.030644 | 63 | 16 | 147 |  
bl_20_3 | 300.00156 | 3928476 | -1 | 5805798 | 300.02783 | 2281941 | -1 | 4721326 |  
bl_20_4 | 0.009521 | 59 | 18 | 54 | 0.005495 | 35 | 18 | 39 |  
bl_20_5 | 300.00015 | 4731795 | -1 | 4392927 | 300.01416 | 2591968 | -1 | 4307048 |  
bl_20_6 | 0.15865791 | 3364 | 16 | 1325 | 0.3638829 | 3406 | 16 | 4080 |  
bl_20_7 | 11.916934 | 178809 | 19 | 179672 | 15.6985445 | 132369 | 19 | 237232 |  
bl_20_8 | 300.00012 | 9681362 | -1 | 1397422 | 300.0001 | 4323774 | -1 | 2934115 |  
bl_20_9 | 0.0053864 | 86 | 14 | 30 | 0.0053387 | 84 | 14 | 59 |  
bl_20_10 | 0.027124 | 337 | 16 | 234 | 0.0379843 | 306 | 16 | 430 |  
bl_20_11 | 0.0014662 | 23 | 17 | 4 | 0.0013085 | 23 | 17 | 8 |  
bl_20_12 | 300.0001 | 5307393 | -1 | 4744925 | 300.00778 | 2772006 | -1 | 6092666 |  
bl_20_13 | 0.0332091 | 358 | 17 | 500 | 0.0447422 | 376 | 17 | 560 |  
bl_20_14 | 8.930519 | 112857 | 18 | 81471 | 7.3266225 | 50015 | 18 | 86298 |  
bl_20_15 | 0.0775415 | 1589 | 13 | 1278 | 0.1009099 | 1425 | 13 | 1585 |  
bl_20_16 | 35.1461 | 647573 | 19 | 511388 | 45.602303 | 577361 | 19 | 582178 |  
bl_20_17 | 0.0369677 | 549 | 15 | 512 | 0.040019 | 459 | 15 | 508 |  
bl_20_18 | 1.7883929 | 37071 | 18 | 15805 | 2.2650266 | 32205 | 18 | 27925 |  
bl_20_19 | 9.133E-4 | 22 | 14 | 11 | 0.0018332 | 26 | 14 | 25 |  
bl_20_20 | 0.078966096 | 1352 | 15 | 807 | 0.1208049 | 1268 | 15 | 1467 |  
AVERAGE |3.6431484 | 61509.625 | 49576.312 | 4.480363 | 49966.438 | 58913.438 |  
TIME RATIO  = 81.313692020-06-12
 16:35:38.115058100
Data/BL/
 BRANCHEMENT DYNAMIQUE  
 Inst |old_time |old_backt |makespan |old_prop |new_time |new_backt |makespan |new_prop|
bl_20_1 | 0.0279601 | 201 | 16 | 271 | 0.0355118 | 201 | 16 | 356 |  
bl_20_2 | 0.0375645 | 367 | 16 | 341 | 0.0446682 | 405 | 16 | 484 |  
bl_20_3 | 0.4453408 | 4451 | 15 | 5256 | 0.8115176 | 4928 | 15 | 10872 |  
bl_20_4 | 0.0014741 | 13 | 18 | 4 | 0.001516 | 13 | 18 | 12 |  
bl_20_5 | 54.4849 | 640383 | 19 | 1068927 | 107.35448 | 675953 | 19 | 1678531 |  
bl_20_6 | 0.0033238 | 15 | 16 | 9 | 0.0018565 | 15 | 16 | 15 |  
bl_20_7 | 2.0938487 | 26442 | 19 | 15937 | 2.5357878 | 22279 | 19 | 26708 |  
bl_20_8 | 0.0386229 | 773 | 20 | 594 | 0.0759288 | 1289 | 20 | 720 |  
bl_20_9 | 0.0035297 | 65 | 14 | 16 | 0.002939 | 63 | 14 | 27 |  
bl_20_10 | 0.001194 | 18 | 16 | 13 | 0.0013556 | 18 | 16 | 18 |  
bl_20_11 | 6.933E-4 | 15 | 17 | 2 | 7.91E-4 | 15 | 17 | 3 |  
bl_20_12 | 5.2913866 | 74241 | 18 | 91963 | 13.00014 | 103539 | 18 | 228610 |  
bl_20_13 | 0.0187471 | 243 | 17 | 237 | 0.0302543 | 266 | 17 | 547 |  
bl_20_14 | 0.0255938 | 262 | 18 | 179 | 0.0412063 | 234 | 18 | 413 |  
bl_20_15 | 0.0089641 | 164 | 13 | 113 | 0.0202033 | 173 | 13 | 168 |  
bl_20_16 | 0.0156968 | 285 | 19 | 147 | 0.0197512 | 230 | 19 | 189 |  
bl_20_17 | 0.057904 | 740 | 15 | 674 | 0.0719731 | 744 | 15 | 713 |  
bl_20_18 | 2.4769797 | 29013 | 18 | 37168 | 3.7108111 | 29419 | 18 | 39756 |  
bl_20_19 | 0.0010615 | 18 | 14 | 6 | 0.0011835 | 18 | 14 | 10 |  
bl_20_20 | 0.1371499 | 1976 | 15 | 1335 | 0.18508929 | 1499 | 15 | 1961 |  
AVERAGE |3.429509 | 48995.527 | 56011.473 | 5.545355 | 45576.777 | 81464.664 |  
TIME RATIO  = 61.844712020-06-13
 10:23:41.497533400
Data/BL/
 BRANCHEMENT STATIQUE  
 Inst |old_time |old_backt |makespan |old_prop |new_time |new_backt |makespan |new_prop|
bl_20_1 | 0.0653577 | 42 | 16 | 44 | 0.0637479 | 42 | 16 | 105 |  
bl_20_2 | 0.0396569 | 63 | 16 | 86 | 0.0324799 | 63 | 16 | 157 |  
bl_20_3 | 300.00018 | 3715526 | -1 | 5495191 | 300.0087 | 2775661 | -1 | 5437086 |  
bl_20_4 | 0.0106312 | 59 | 18 | 54 | 0.0062179 | 35 | 18 | 51 |  
bl_20_5 | 300.01974 | 4709622 | -1 | 4369682 | 300.00012 | 2850462 | -1 | 5241487 |  
bl_20_6 | 0.1518333 | 3364 | 16 | 1325 | 0.371305 | 3364 | 16 | 5077 |  
bl_20_7 | 11.1759815 | 178809 | 19 | 179672 | 10.708982 | 123083 | 19 | 179714 |  
bl_20_8 | 300.00113 | 10554458 | -1 | 1494518 | 266.37 | 4637425 | 20 | 3560842 |  
bl_20_9 | 0.0052776 | 86 | 14 | 30 | 0.0051775 | 84 | 14 | 57 |  
bl_20_10 | 0.0270324 | 337 | 16 | 234 | 0.0263241 | 218 | 16 | 444 |  
bl_20_11 | 9.277E-4 | 23 | 17 | 4 | 0.0019021 | 23 | 17 | 10 |  
bl_20_12 | 300.0003 | 5691569 | -1 | 5093526 | 300.00925 | 3102330 | -1 | 7752649 |  
bl_20_13 | 0.0327125 | 358 | 17 | 500 | 0.0398471 | 308 | 17 | 647 |  
bl_20_14 | 8.506809 | 112857 | 18 | 81471 | 6.2403603 | 44491 | 18 | 105727 |  
bl_20_15 | 0.0830376 | 1589 | 13 | 1278 | 0.098357104 | 1379 | 13 | 2193 |  
bl_20_16 | 33.212387 | 647573 | 19 | 511388 | 35.133667 | 509943 | 19 | 587224 |  
bl_20_17 | 0.0367161 | 549 | 15 | 512 | 0.0228341 | 303 | 15 | 537 |  
bl_20_18 | 1.6280314 | 37071 | 18 | 15805 | 1.8500025 | 26745 | 18 | 28030 |  
bl_20_19 | 9.54E-4 | 22 | 14 | 11 | 0.001058 | 22 | 14 | 13 |  
bl_20_20 | 0.0782602 | 1352 | 15 | 807 | 0.07597151 | 858 | 15 | 1130 |  
AVERAGE |3.4409754 | 61509.625 | 49576.312 | 3.4173896 | 44435.062 | 56944.75 |  
TIME RATIO  = 100.690172020-06-13
 11:04:59.171930500
Data/BL/
 BRANCHEMENT DYNAMIQUE  
 Inst |old_time |old_backt |makespan |old_prop |new_time |new_backt |makespan |new_prop|
bl_20_1 | 0.0316583 | 201 | 16 | 271 | 0.0376134 | 186 | 16 | 471 |  
bl_20_2 | 0.0268141 | 367 | 16 | 341 | 0.0386136 | 381 | 16 | 719 |  
bl_20_3 | 0.4205729 | 4451 | 15 | 5256 | 0.6769713 | 4412 | 15 | 12609 |  
bl_20_4 | 0.0015761 | 13 | 18 | 4 | 0.0013469 | 13 | 18 | 16 |  
bl_20_5 | 51.98415 | 640383 | 19 | 1068927 | 100.75356 | 762548 | 19 | 1808350 |  
bl_20_6 | 0.0016108 | 15 | 16 | 9 | 0.001476 | 15 | 16 | 22 |  
bl_20_7 | 1.9357074 | 26442 | 19 | 15937 | 2.078414 | 19878 | 19 | 29878 |  
bl_20_8 | 0.034929 | 773 | 20 | 594 | 0.0687386 | 1253 | 20 | 860 |  
bl_20_9 | 0.004016 | 65 | 14 | 16 | 0.0016896 | 23 | 14 | 22 |  
bl_20_10 | 0.0013065 | 18 | 16 | 13 | 0.0014428 | 18 | 16 | 25 |  
bl_20_11 | 6.406E-4 | 15 | 17 | 2 | 9.205E-4 | 16 | 17 | 9 |  
bl_20_12 | 4.929478 | 74241 | 18 | 91963 | 12.440029 | 111205 | 18 | 306153 |  
bl_20_13 | 0.0176412 | 243 | 17 | 237 | 0.0263014 | 266 | 17 | 570 |  
bl_20_14 | 0.0216594 | 262 | 18 | 179 | 0.0253961 | 172 | 18 | 329 |  
bl_20_15 | 0.0090821 | 164 | 13 | 113 | 0.0142671 | 196 | 13 | 306 |  
bl_20_16 | 0.0140522 | 285 | 19 | 147 | 0.0152544 | 194 | 19 | 213 |  
bl_20_17 | 0.0528478 | 740 | 15 | 674 | 0.0615784 | 730 | 15 | 819 |  
bl_20_18 | 2.364615 | 29013 | 18 | 37168 | 2.9615107 | 24329 | 18 | 43291 |  
bl_20_19 | 0.0010183 | 18 | 14 | 6 | 0.0014817 | 18 | 14 | 14 |  
bl_20_20 | 0.14245 | 1976 | 15 | 1335 | 0.16546969 | 1523 | 15 | 2129 |  
AVERAGE |3.2514284 | 48995.527 | 56011.473 | 4.8347316 | 45509.36 | 86608.914 |  
TIME RATIO  = 67.251472020-06-13
 11:13:33.122067900
Data/BL/
 BRANCHEMENT STATIQUE  
 Inst |old_time |old_backt |makespan |old_prop |new_time |new_backt |makespan |new_prop|
bl_20_1 | 0.0722263 | 42 | 16 | 105 | 0.0472975 | 42 | 16 | 96 |  
bl_20_2 | 0.0353681 | 63 | 16 | 157 | 0.027448 | 63 | 16 | 146 |  
bl_20_3 | 300.00006 | 2409768 | -1 | 4726467 | 300.0002 | 2408271 | -1 | 4651083 |  
bl_20_4 | 0.0081791 | 35 | 18 | 51 | 0.0058235 | 35 | 18 | 54 |  
bl_20_5 | 300.01398 | 2605812 | -1 | 4791277 | 300.01544 | 2519422 | -1 | 4575784 |  
bl_20_6 | 0.3834737 | 3364 | 16 | 5077 | 0.42803398 | 3364 | 16 | 4944 |  
bl_20_7 | 11.357619 | 123083 | 19 | 179714 | 11.966543 | 123043 | 19 | 180061 |  
bl_20_8 | 277.01334 | 4637425 | 20 | 3560842 | 278.2137 | 4630099 | 20 | 3513851 |  
bl_20_9 | 0.0054513 | 84 | 14 | 57 | 0.0046017 | 84 | 14 | 55 |  
bl_20_10 | 0.0305383 | 218 | 16 | 444 | 0.0276009 | 218 | 16 | 459 |  
bl_20_11 | 0.0015585 | 23 | 17 | 10 | 0.0012825 | 23 | 17 | 10 |  
bl_20_12 | 300.0137 | 2946271 | -1 | 7379035 | 300.01517 | 2996868 | -1 | 7375954 |  
bl_20_13 | 0.0476767 | 308 | 17 | 647 | 0.045939 | 322 | 17 | 654 |  
bl_20_14 | 6.5061383 | 44491 | 18 | 105727 | 6.825855 | 44421 | 18 | 101646 |  
bl_20_15 | 0.102553695 | 1379 | 13 | 2193 | 0.0985056 | 1379 | 13 | 2210 |  
bl_20_16 | 36.666405 | 509943 | 19 | 587224 | 39.95022 | 519351 | 19 | 576823 |  
bl_20_17 | 0.0250163 | 303 | 15 | 537 | 0.0248562 | 303 | 15 | 537 |  
bl_20_18 | 1.9282147 | 26745 | 18 | 28030 | 2.0647144 | 26757 | 18 | 26731 |  
bl_20_19 | 9.143E-4 | 22 | 14 | 13 | 0.0013115 | 22 | 14 | 13 |  
bl_20_20 | 0.080125906 | 858 | 15 | 1130 | 0.0893906 | 858 | 15 | 1135 |  
AVERAGE |19.662638 | 314610.94 | 263056.34 | 19.989597 | 314728.47 | 259377.94 |  
TIME RATIO  = 98.364352020-06-13
 11:54:48.622127700
Data/BL/
 BRANCHEMENT DYNAMIQUE  
 Inst |old_time |old_backt |makespan |old_prop |new_time |new_backt |makespan |new_prop|
bl_20_1 | 0.0328748 | 186 | 16 | 471 | 0.0369395 | 189 | 16 | 458 |  
bl_20_2 | 0.0431354 | 381 | 16 | 719 | 0.0443352 | 367 | 16 | 644 |  
bl_20_3 | 0.67161864 | 4412 | 15 | 12609 | 0.7459644 | 4565 | 15 | 12954 |  
bl_20_4 | 0.0014191 | 13 | 18 | 16 | 0.0014252 | 13 | 18 | 16 |  
bl_20_5 | 103.78263 | 762548 | 19 | 1808350 | 106.16054 | 763197 | 19 | 1793881 |  
bl_20_6 | 0.0027271 | 15 | 16 | 22 | 0.0015922 | 15 | 16 | 22 |  
bl_20_7 | 2.188223 | 19878 | 19 | 29878 | 2.0176105 | 17596 | 19 | 26425 |  
bl_20_8 | 0.07490049 | 1253 | 20 | 860 | 0.072178304 | 1253 | 20 | 860 |  
bl_20_9 | 0.0016992 | 23 | 14 | 22 | 0.0021313 | 23 | 14 | 22 |  
bl_20_10 | 0.0021336 | 18 | 16 | 25 | 0.0021188 | 18 | 16 | 25 |  
bl_20_11 | 0.0012858 | 16 | 17 | 9 | 0.0012755 | 16 | 17 | 9 |  
bl_20_12 | 12.866895 | 111205 | 18 | 306153 | 12.009771 | 108951 | 18 | 297108 |  
bl_20_13 | 0.0280338 | 266 | 17 | 570 | 0.0280665 | 266 | 17 | 565 |  
bl_20_14 | 0.0268185 | 172 | 18 | 329 | 0.0307526 | 172 | 18 | 329 |  
bl_20_15 | 0.0141677 | 196 | 13 | 306 | 0.0146121 | 196 | 13 | 306 |  
bl_20_16 | 0.0149503 | 194 | 19 | 213 | 0.0146086 | 194 | 19 | 208 |  
bl_20_17 | 0.0625051 | 730 | 15 | 819 | 0.0665548 | 730 | 15 | 819 |  
bl_20_18 | 2.954345 | 24329 | 18 | 43291 | 2.9844518 | 24329 | 18 | 43318 |  
bl_20_19 | 0.0013451 | 18 | 14 | 14 | 0.0012178 | 18 | 14 | 13 |  
bl_20_20 | 0.1700788 | 1523 | 15 | 2129 | 0.1655055 | 1524 | 15 | 2111 |  
AVERAGE |12.3569355 | 169615.19 | 180507.11 | 12.5466175 | 169568.0 | 178095.08 |  
TIME RATIO  = 98.48818