2020-06-24
 11:13:18.363220100
Data/J60/ 
  BRANCHEMENT STATIQUE 
Inst |old_time |old_backt |makespan |old_prop |new_time |new_backt |makespan |new_prop|  
j60_1_1.rcp | 300.0006 | 1122150 | -1 | 950572 | 300.0001 | 2887857 | -1 | 2258005 |  
j60_1_2.rcp | 0.0446816 | 54 | 68 | 140 | 0.0269005 | 54 | 68 | 140 |  
j60_1_3.rcp | 300.00006 | 567257 | -1 | 1456659 | 300.0004 | 1054611 | -1 | 3495857 |  
j60_1_4.rcp | 300.00024 | 783010 | -1 | 1384091 | 300.00006 | 1212570 | -1 | 2119490 |  
j60_1_5.rcp | 32.37045 | 136746 | 73 | 71830 | 18.825302 | 136746 | 73 | 77437 |  
j60_1_6.rcp | 300.00018 | 862909 | -1 | 1030662 | 300.00015 | 1262181 | -1 | 1548961 |  
j60_1_7.rcp | 300.00052 | 818569 | -1 | 1792074 | 300.0002 | 1530046 | -1 | 2836351 |  
j60_1_8.rcp | 300.00015 | 1675606 | -1 | 1576792 | 15707.472 | 717663 | -1 | 527267 |  
j60_1_9.rcp | 300.01068 | 615332 | -1 | 1144168 | 300.0002 | 923509 | -1 | 1954037 |  
j60_1_10.rcp | 0.0178999 | 46 | 80 | 49 | 0.0109729 | 46 | 80 | 49 |  
j60_2_1.rcp | 0.0100625 | 35 | 65 | 14 | 0.0056274 | 35 | 65 | 14 |  
j60_2_2.rcp | 0.0119973 | 36 | 82 | 18 | 0.0058342 | 36 | 82 | 18 |  
j60_2_3.rcp | 0.0092165 | 26 | 78 | 18 | 0.0052259 | 26 | 78 | 18 |  
j60_2_4.rcp | 0.0104204 | 31 | 78 | 20 | 0.0056722 | 31 | 78 | 20 |  
j60_2_5.rcp | 0.0095217 | 30 | 54 | 16 | 0.0050866 | 30 | 54 | 16 |  
j60_2_6.rcp | 0.0087934 | 32 | 64 | 15 | 0.0053609 | 32 | 64 | 15 |  
j60_2_7.rcp | 0.0110873 | 38 | 53 | 10 | 0.0070374 | 38 | 53 | 10 |  
j60_2_8.rcp | 0.0089083 | 26 | 66 | 15 | 0.0066311 | 26 | 66 | 15 |  
j60_2_9.rcp | 0.0083485 | 31 | 65 | 10 | 0.0037284 | 31 | 65 | 10 |  
j60_2_10.rcp | 0.0163787 | 50 | 69 | 15 | 0.0147294 | 50 | 69 | 15 |  
j60_3_1.rcp | 0.0061539 | 26 | 60 | 3 | 0.0027149 | 26 | 60 | 3 |  
j60_3_2.rcp | 0.0104599 | 27 | 69 | 10 | 0.0058163 | 27 | 69 | 10 |  
j60_3_3.rcp | 0.0140392 | 32 | 105 | 7 | 0.0054556 | 32 | 105 | 7 |  
j60_3_4.rcp | 0.0092824 | 28 | 81 | 4 | 0.0039053 | 28 | 81 | 4 |  
j60_3_5.rcp | 0.0087472 | 23 | 83 | 4 | 0.0049189 | 23 | 83 | 4 |  
j60_3_6.rcp | 0.0084701 | 29 | 57 | 10 | 0.0060136 | 29 | 57 | 10 |  
j60_3_7.rcp | 0.008436 | 29 | 59 | 5 | 0.0047777 | 29 | 59 | 7 |  
j60_3_8.rcp | 300.00073 | 997818 | -1 | 1484322 | 300.00003 | 2148142 | -1 | 3208394 |  
j60_3_9.rcp | 0.0097713 | 31 | 67 | 8 | 0.005609 | 31 | 67 | 8 |  
j60_3_10.rcp | 0.017703 | 47 | 69 | 29 | 0.0103652 | 47 | 69 | 29 |  
j60_4_1.rcp | 0.0043809 | 25 | 84 | 0 | 0.0023526 | 25 | 84 | 0 |  
j60_4_2.rcp | 0.0032953 | 19 | 60 | 0 | 0.0018977 | 19 | 60 | 0 |  
j60_4_3.rcp | 0.003742 | 23 | 58 | 2 | 0.0020726 | 23 | 58 | 2 |  
j60_4_4.rcp | 0.004708 | 25 | 65 | 3 | 0.0025735 | 25 | 65 | 3 |  
j60_4_5.rcp | 0.0042896 | 23 | 75 | 1 | 0.0022626 | 23 | 75 | 1 |  
j60_4_6.rcp | 0.0042207 | 25 | 71 | 0 | 0.0022218 | 25 | 71 | 0 |  
j60_4_7.rcp | 0.004699 | 24 | 67 | 2 | 0.0024903 | 24 | 67 | 2 |  
j60_4_8.rcp | 0.0052047 | 26 | 65 | 3 | 0.0025374 | 26 | 65 | 3 |  
j60_4_9.rcp | 0.0050127 | 21 | 75 | 3 | 0.0026538 | 21 | 75 | 3 |  
j60_4_10.rcp | 0.005151 | 24 | 77 | 3 | 0.0027842 | 24 | 77 | 3 |  
j60_5_1.rcp | 300.001 | 323668 | -1 | 307505 | 300.0002 | 516313 | -1 | 423061 |  
j60_5_2.rcp | 300.0002 | 150920 | -1 | 296519 | 300.00186 | 244599 | -1 | 485459 |  
j60_5_3.rcp | 300.0006 | 124442 | -1 | 445062 | 300.00177 | 169887 | -1 | 658707 |  
j60_5_4.rcp | 300.00192 | 96706 | -1 | 388295 | 300.00006 | 130780 | -1 | 577676 |  
j60_5_5.rcp | 300.00168 | 153494 | -1 | 479972 | 300.00638 | 216538 | -1 | 729655 |  
j60_5_6.rcp | 300.00504 | 129300 | -1 | 397403 | 300.00092 | 188046 | -1 | 593171 |  
j60_5_7.rcp | 300.00266 | 221548 | -1 | 604522 | 300.00027 | 297531 | -1 | 820924 |  
j60_5_8.rcp | 300.00095 | 124337 | -1 | 396670 | 300.00037 | 182878 | -1 | 610980 |  
j60_5_9.rcp | 300.00772 | 154790 | -1 | 736526 | 300.00107 | 245696 | -1 | 1210055 |  
j60_5_10.rcp | 300.00027 | 604782 | -1 | 211235 | 300.0001 | 695054 | -1 | 220106 |  
j60_6_1.rcp | 300.0001 | 329910 | -1 | 291776 | 300.0002 | 640041 | -1 | 540027 |  
j60_6_2.rcp | 300.00137 | 332399 | -1 | 209901 | 300.0007 | 607920 | -1 | 382465 |  
j60_6_3.rcp | 0.0425237 | 41 | 72 | 27 | 0.0190339 | 41 | 72 | 27 |  
j60_6_4.rcp | 26.03685 | 23695 | 67 | 33846 | 10.022049 | 23695 | 67 | 33906 |  
j60_6_5.rcp | 0.0388977 | 39 | 78 | 23 | 0.0174168 | 39 | 78 | 23 |  
j60_6_6.rcp | 300.0012 | 265427 | -1 | 241795 | 300.00024 | 460140 | -1 | 429474 |  
j60_6_7.rcp | 300.00092 | 509165 | -1 | 165123 | 300.0001 | 939774 | -1 | 263583 |  
j60_6_8.rcp | 300.00143 | 279664 | -1 | 305335 | 300.00052 | 485865 | -1 | 688785 |  
j60_6_9.rcp | 0.0316719 | 22 | 64 | 13 | 0.0116467 | 22 | 64 | 13 |  
j60_6_10.rcp | 300.00055 | 282183 | -1 | 416892 | 300.00006 | 539124 | -1 | 859754 |  
j60_7_1.rcp | 300.0001 | 492677 | -1 | 327783 | 300.0002 | 1412016 | -1 | 939490 |  
j60_7_2.rcp | 0.0315887 | 31 | 85 | 11 | 0.013071 | 31 | 85 | 11 |  
j60_7_3.rcp | 0.0173901 | 25 | 62 | 5 | 0.0086645 | 25 | 62 | 5 |  
j60_7_4.rcp | 0.0131084 | 22 | 63 | 2 | 0.0062873 | 22 | 63 | 2 |  
j60_7_5.rcp | 0.0242948 | 30 | 71 | 12 | 0.0121146 | 30 | 71 | 12 |  
j60_7_6.rcp | 0.0243399 | 30 | 65 | 18 | 0.0111979 | 30 | 65 | 18 |  
j60_7_7.rcp | 0.0320171 | 38 | 89 | 18 | 0.0148187 | 38 | 89 | 18 |  
j60_7_8.rcp | 0.0191293 | 26 | 66 | 3 | 0.0089529 | 26 | 66 | 3 |  
j60_7_9.rcp | 65.6208 | 104478 | 44 | 14839 | 30.255783 | 104478 | 44 | 16520 |  
j60_7_10.rcp | 0.0284987 | 26 | 82 | 10 | 0.0098144 | 26 | 82 | 10 |  
j60_8_1.rcp | 0.0117045 | 24 | 64 | 2 | 0.0053457 | 24 | 64 | 2 |  
j60_8_2.rcp | 0.0110252 | 21 | 61 | 0 | 0.0050396 | 21 | 61 | 0 |  
j60_8_3.rcp | 0.0194427 | 27 | 79 | 2 | 0.0107724 | 27 | 79 | 2 |  
j60_8_4.rcp | 0.0124264 | 23 | 64 | 0 | 0.0057291 | 23 | 64 | 0 |  
j60_8_5.rcp | 0.0182499 | 21 | 83 | 7 | 0.009168 | 21 | 83 | 7 |  
j60_8_6.rcp | 0.0143319 | 25 | 56 | 1 | 0.0068257 | 25 | 56 | 1 |  
j60_8_7.rcp | 0.0152472 | 25 | 62 | 1 | 0.0087809 | 25 | 62 | 1 |  
j60_8_8.rcp | 0.0220449 | 21 | 66 | 3 | 0.0069358 | 21 | 66 | 3 |  
j60_8_9.rcp | 0.0125433 | 23 | 58 | 0 | 0.0067566 | 23 | 58 | 0 |  
j60_8_10.rcp | 0.0179661 | 22 | 97 | 4 | 0.0077109 | 22 | 97 | 4 |  
j60_9_1.rcp | 300.00824 | 256084 | -1 | 248033 | 300.00363 | 273434 | -1 | 405382 |  
j60_9_2.rcp | 300.01498 | 122660 | -1 | 236468 | 300.00705 | 150298 | -1 | 393050 |  
j60_9_3.rcp | 300.0011 | 52965 | -1 | 228109 | 300.0095 | 67326 | -1 | 285447 |  
j60_9_4.rcp | 300.00427 | 93377 | -1 | 169467 | 300.003 | 133179 | -1 | 242914 |  
j60_9_5.rcp | 300.0014 | 250088 | -1 | 185182 | 300.00882 | 304692 | -1 | 256611 |  
j60_9_6.rcp | 300.001 | 222619 | -1 | 239825 | 300.00116 | 284694 | -1 | 305549 |  
j60_9_7.rcp | 300.00458 | 234866 | -1 | 126172 | 300.00015 | 302184 | -1 | 158368 |  
j60_9_8.rcp | 300.00055 | 231864 | -1 | 168395 | 300.0003 | 257794 | -1 | 182905 |  
j60_9_9.rcp | 300.0006 | 159269 | -1 | 169397 | 300.002 | 197323 | -1 | 272509 |  
j60_9_10.rcp | 300.01443 | 332397 | -1 | 207559 | 300.0001 | 459038 | -1 | 235971 |  
j60_10_1.rcp | 300.00076 | 89991 | -1 | 147114 | 300.00534 | 163389 | -1 | 268413 |  
j60_10_2.rcp | 300.00137 | 488018 | -1 | 65218 | 300.00012 | 836816 | -1 | 109583 |  
j60_10_3.rcp | 300.00504 | 149160 | -1 | 163480 | 300.00305 | 249596 | -1 | 283777 |  
j60_10_4.rcp | 0.0708164 | 26 | 80 | 27 | 0.0323991 | 26 | 80 | 27 |  
j60_10_5.rcp | 300.0028 | 121970 | -1 | 379860 | 300.0027 | 275513 | -1 | 816096 |  
j60_10_6.rcp | 300.0001 | 121842 | -1 | 193084 | 300.0006 | 198789 | -1 | 336462 |  
j60_10_7.rcp | 300.0003 | 194646 | -1 | 147264 | 300.00006 | 329757 | -1 | 271269 |  
j60_10_8.rcp | 300.00098 | 133753 | -1 | 153478 | 206.27803 | 151456 | 65 | 166364 |  
j60_10_9.rcp | 300.0028 | 153071 | -1 | 91862 | 300.00034 | 249196 | -1 | 157409 |  
j60_10_10.rcp | 300.0074 | 182422 | -1 | 156730 | 300.00226 | 304670 | -1 | 403400 |  
j60_11_1.rcp | 0.0463309 | 24 | 71 | 27 | 0.0220424 | 24 | 71 | 27 |  
j60_11_2.rcp | 0.0525213 | 55 | 61 | 10 | 0.0310025 | 55 | 61 | 10 |  
j60_11_3.rcp | 0.0413803 | 20 | 76 | 8 | 0.0160032 | 20 | 76 | 8 |  
j60_11_4.rcp | 300.00122 | 177614 | -1 | 79656 | 300.00027 | 388423 | -1 | 170938 |  
j60_11_5.rcp | 4.2650175 | 2419 | 65 | 1500 | 2.6128178 | 2419 | 65 | 1591 |  
j60_11_6.rcp | 0.0444711 | 30 | 70 | 4 | 0.0261638 | 30 | 70 | 4 |  
j60_11_7.rcp | 0.0408059 | 21 | 70 | 11 | 0.0193794 | 21 | 70 | 11 |  
j60_11_8.rcp | 0.034065 | 24 | 69 | 6 | 0.0175953 | 24 | 69 | 6 |  
j60_11_9.rcp | 0.0383935 | 21 | 62 | 10 | 0.0150658 | 21 | 62 | 10 |  
j60_11_10.rcp | 0.0527701 | 38 | 58 | 11 | 0.0250383 | 38 | 58 | 11 |  
j60_12_1.rcp | 0.0205 | 23 | 59 | 1 | 0.0090897 | 23 | 59 | 1 |  
j60_12_2.rcp | 0.0246233 | 25 | 58 | 2 | 0.0121796 | 25 | 58 | 2 |  
j60_12_3.rcp | 0.0208041 | 21 | 75 | 0 | 0.0109572 | 21 | 75 | 0 |  
j60_12_4.rcp | 0.0221474 | 22 | 69 | 0 | 0.0104871 | 22 | 69 | 0 |  
j60_12_5.rcp | 0.0346558 | 23 | 63 | 4 | 0.0165566 | 23 | 63 | 4 |  
j60_12_6.rcp | 0.0260394 | 27 | 54 | 1 | 0.0111645 | 27 | 54 | 1 |  
j60_12_7.rcp | 0.0220346 | 24 | 71 | 0 | 0.0107986 | 24 | 71 | 0 |  
j60_12_8.rcp | 0.0205507 | 22 | 60 | 0 | 0.0092679 | 22 | 60 | 0 |  
j60_12_9.rcp | 0.0245944 | 19 | 59 | 2 | 0.0101603 | 19 | 59 | 2 |  
j60_12_10.rcp | 0.0308466 | 24 | 79 | 2 | 0.0142885 | 24 | 79 | 2 |  
j60_13_1.rcp | 300.00012 | 312138 | -1 | 62840 | 300.00027 | 310755 | -1 | 68616 |  
j60_13_2.rcp | 300.00555 | 108821 | -1 | 107058 | 300.00146 | 153880 | -1 | 139360 |  
j60_13_3.rcp | 300.00235 | 135517 | -1 | 55847 | 300.00507 | 157610 | -1 | 72738 |  
j60_13_4.rcp | 300.0008 | 849409 | -1 | 1168 | 300.00006 | 575111 | -1 | 1170 |  
j60_13_5.rcp | 300.01718 | 88685 | -1 | 89191 | 300.00107 | 121840 | -1 | 142151 |  
j60_13_6.rcp | 300.00113 | 119331 | -1 | 90845 | 300.00287 | 153799 | -1 | 136468 |  
j60_13_7.rcp | 300.00034 | 194115 | -1 | 110970 | 300.00876 | 215325 | -1 | 127020 |  
j60_13_8.rcp | 300.0004 | 97415 | -1 | 108888 | 300.00037 | 169013 | -1 | 117020 |  
j60_13_9.rcp | 300.0002 | 285885 | -1 | 31875 | 300.00024 | 313511 | -1 | 33619 |  
j60_13_10.rcp | 300.00555 | 141116 | -1 | 81605 | 300.0008 | 191447 | -1 | 100358 |  
j60_14_1.rcp | 300.00073 | 154242 | -1 | 94792 | 300.00006 | 246410 | -1 | 196997 |  
j60_14_2.rcp | 300.00546 | 82623 | -1 | 161936 | 300.00052 | 140815 | -1 | 308565 |  
j60_14_3.rcp | 300.00006 | 233909 | -1 | 16618 | 300.00037 | 313044 | -1 | 24295 |  
j60_14_4.rcp | 300.00067 | 185732 | -1 | 199518 | 300.00104 | 228994 | -1 | 242381 |  
j60_14_5.rcp | 300.00253 | 90389 | -1 | 143922 | 300.00153 | 151958 | -1 | 244421 |  
j60_14_6.rcp | 300.0006 | 127356 | -1 | 76370 | 300.00464 | 219381 | -1 | 147646 |  
j60_14_7.rcp | 300.00122 | 101171 | -1 | 58054 | 300.0052 | 121460 | -1 | 249239 |  
j60_14_8.rcp | 0.1137439 | 32 | 88 | 25 | 0.0664616 | 32 | 88 | 25 |  
j60_14_9.rcp | 300.00153 | 92525 | -1 | 189304 | 300.00436 | 151017 | -1 | 416459 |  
j60_14_10.rcp | 300.00037 | 49362 | -1 | 196775 | 300.00534 | 66335 | -1 | 265041 |  
j60_15_1.rcp | 0.0541107 | 22 | 84 | 4 | 0.0248603 | 22 | 84 | 4 |  
j60_15_2.rcp | 0.076066494 | 20 | 89 | 9 | 0.032481 | 20 | 89 | 9 |  
j60_15_3.rcp | 0.0682154 | 37 | 72 | 8 | 0.0392227 | 37 | 72 | 10 |  
j60_15_4.rcp | 0.1047884 | 48 | 75 | 13 | 0.0653474 | 48 | 75 | 13 |  
j60_15_5.rcp | 79.04983 | 38495 | 70 | 25720 | 36.969116 | 38495 | 70 | 25724 |  
j60_15_6.rcp | 0.0588835 | 23 | 76 | 6 | 0.0358466 | 23 | 76 | 6 |  
j60_15_7.rcp | 72.87127 | 27732 | 64 | 24268 | 33.636852 | 27732 | 64 | 24459 |  
j60_15_8.rcp | 3.7419777 | 1755 | 79 | 351 | 1.7316617 | 1755 | 79 | 351 |  
j60_15_9.rcp | 0.049678 | 29 | 72 | 2 | 0.0237127 | 29 | 72 | 2 |  
j60_15_10.rcp | 0.0433733 | 24 | 61 | 1 | 0.022455 | 24 | 61 | 1 |  
j60_16_1.rcp | 0.0348567 | 21 | 64 | 0 | 0.0147487 | 21 | 64 | 0 |  
j60_16_2.rcp | 0.0297494 | 22 | 64 | 0 | 0.0128449 | 22 | 64 | 0 |  
j60_16_3.rcp | 0.0322222 | 25 | 53 | 0 | 0.0149797 | 25 | 53 | 0 |  
j60_16_4.rcp | 0.0380008 | 26 | 60 | 1 | 0.0188941 | 26 | 60 | 1 |  
j60_16_5.rcp | 0.02773 | 23 | 66 | 0 | 0.0131168 | 23 | 66 | 0 |  
j60_16_6.rcp | 0.037049 | 25 | 66 | 0 | 0.0167749 | 25 | 66 | 0 |  
j60_16_7.rcp | 0.0439558 | 25 | 82 | 5 | 0.0215003 | 25 | 82 | 5 |  
j60_16_8.rcp | 0.0310277 | 24 | 68 | 0 | 0.0145476 | 24 | 68 | 0 |  
j60_16_9.rcp | 0.0356921 | 27 | 54 | 1 | 0.018621 | 27 | 54 | 1 |  
j60_16_10.rcp | 0.0314157 | 22 | 68 | 1 | 0.0162782 | 22 | 68 | 1 |  
j60_17_1.rcp | 300.0001 | 280330 | -1 | 1350287 | 300.00052 | 763444 | -1 | 1976283 |  
j60_17_2.rcp | 300.00067 | 1558142 | -1 | 358818 | 300.00012 | 2532514 | -1 | 571268 |  
j60_17_3.rcp | 300.0004 | 362583 | -1 | 669078 | 300.00098 | 683342 | -1 | 1337329 |  
j60_17_4.rcp | 0.0178732 | 38 | 71 | 85 | 0.010528 | 38 | 71 | 85 |  
j60_17_5.rcp | 134.02097 | 402374 | 59 | 213967 | 68.97692 | 402374 | 59 | 224903 |  
j60_17_6.rcp | 300.0015 | 656337 | -1 | 811333 | 300.0004 | 1083774 | -1 | 1379311 |  
j60_17_7.rcp | 0.0318757 | 42 | 83 | 98 | 0.011714 | 42 | 83 | 98 |  
j60_17_8.rcp | 300.0002 | 384836 | -1 | 1318273 | 300.0001 | 581947 | -1 | 2143107 |  
j60_17_9.rcp | 0.03194 | 57 | 76 | 84 | 0.0180545 | 57 | 76 | 84 |  
j60_17_10.rcp | 10.757485 | 29286 | 72 | 62312 | 5.0468173 | 29286 | 72 | 62348 |  
j60_18_1.rcp | 0.0152167 | 26 | 81 | 18 | 0.0060144 | 26 | 81 | 18 |  
j60_18_2.rcp | 0.0107694 | 28 | 69 | 21 | 0.0051285 | 28 | 69 | 21 |  
j60_18_3.rcp | 0.0095257 | 26 | 77 | 16 | 0.0044633 | 26 | 77 | 16 |  
j60_18_4.rcp | 0.0086303 | 19 | 71 | 16 | 0.0078852 | 19 | 71 | 16 |  
j60_18_5.rcp | 0.0090695 | 28 | 80 | 16 | 0.0050281 | 28 | 80 | 16 |  
j60_18_6.rcp | 0.0090291 | 24 | 61 | 14 | 0.0041985 | 24 | 61 | 14 |  
j60_18_7.rcp | 0.0140027 | 38 | 93 | 18 | 0.0084162 | 38 | 93 | 18 |  
j60_18_8.rcp | 0.0089745 | 28 | 78 | 19 | 0.0047833 | 28 | 78 | 19 |  
j60_18_9.rcp | 0.008717 | 36 | 69 | 16 | 0.0049713 | 36 | 69 | 18 |  
j60_18_10.rcp | 0.0080632 | 30 | 97 | 9 | 0.0039895 | 30 | 97 | 9 |  
j60_19_1.rcp | 0.006992 | 28 | 62 | 5 | 0.0035208 | 28 | 62 | 5 |  
j60_19_2.rcp | 0.0092228 | 25 | 83 | 14 | 0.0034102 | 25 | 83 | 14 |  
j60_19_3.rcp | 0.0098764 | 34 | 83 | 11 | 0.0055373 | 34 | 83 | 11 |  
j60_19_4.rcp | 0.0065975 | 26 | 67 | 10 | 0.0029492 | 26 | 67 | 10 |  
j60_19_5.rcp | 0.006719 | 22 | 73 | 7 | 0.0031879 | 22 | 73 | 7 |  
j60_19_6.rcp | 0.0063025 | 21 | 69 | 6 | 0.0040698 | 21 | 69 | 6 |  
j60_19_7.rcp | 0.00656 | 31 | 60 | 8 | 0.0042057 | 31 | 60 | 8 |  
j60_19_8.rcp | 0.0140823 | 40 | 87 | 18 | 0.0088584 | 40 | 87 | 18 |  
j60_19_9.rcp | 0.011417 | 35 | 69 | 12 | 0.0063537 | 35 | 69 | 12 |  
j60_19_10.rcp | 0.007265 | 28 | 78 | 10 | 0.0050658 | 28 | 78 | 10 |  
j60_20_1.rcp | 0.0048859 | 22 | 60 | 2 | 0.0021836 | 22 | 60 | 2 |  
j60_20_2.rcp | 0.0041687 | 21 | 78 | 5 | 0.0025016 | 21 | 78 | 5 |  
j60_20_3.rcp | 0.0051989 | 21 | 69 | 4 | 0.0022234 | 21 | 69 | 4 |  
j60_20_4.rcp | 0.0042151 | 24 | 86 | 1 | 0.0021753 | 24 | 86 | 1 |  
j60_20_5.rcp | 0.0040923 | 25 | 71 | 0 | 0.002549 | 25 | 71 | 0 |  
j60_20_6.rcp | 0.0053441 | 26 | 97 | 1 | 0.0024233 | 26 | 97 | 1 |  
j60_20_7.rcp | 0.0035132 | 20 | 74 | 0 | 0.0019854 | 20 | 74 | 0 |  
j60_20_8.rcp | 0.0065435 | 28 | 65 | 3 | 0.0026078 | 28 | 65 | 3 |  
j60_20_9.rcp | 0.0067417 | 23 | 74 | 7 | 0.0030665 | 23 | 74 | 7 |  
j60_20_10.rcp | 0.0046308 | 25 | 70 | 1 | 0.0031315 | 25 | 70 | 1 |  
j60_21_1.rcp | 300.00037 | 343012 | -1 | 343972 | 300.00006 | 448425 | -1 | 437482 |  
j60_21_2.rcp | 300.001 | 145166 | -1 | 579696 | 300.0004 | 209848 | -1 | 795819 |  
j60_21_3.rcp | 300.00095 | 112951 | -1 | 463956 | 300.0026 | 163415 | -1 | 770022 |  
j60_21_4.rcp | 300.00018 | 285257 | -1 | 479014 | 300.00012 | 371517 | -1 | 653653 |  
j60_21_5.rcp | 300.0001 | 384054 | -1 | 621213 | 300.00006 | 479663 | -1 | 921343 |  
j60_21_6.rcp | 300.0011 | 276186 | -1 | 411495 | 300.00003 | 424020 | -1 | 547589 |  
j60_21_7.rcp | 300.00034 | 476534 | -1 | 448621 | 300.00012 | 529466 | -1 | 502043 |  
j60_21_8.rcp | 300.00003 | 413760 | -1 | 459931 | 300.00015 | 794117 | -1 | 519725 |  
j60_21_9.rcp | 300.01404 | 202535 | -1 | 444284 | 300.00018 | 276998 | -1 | 603348 |  
j60_21_10.rcp | 300.00232 | 266136 | -1 | 544044 | 300.00168 | 425127 | -1 | 650352 |  
j60_22_1.rcp | 300.0005 | 247147 | -1 | 362503 | 300.00006 | 523126 | -1 | 762577 |  
j60_22_2.rcp | 0.0418031 | 49 | 83 | 30 | 0.0214067 | 49 | 83 | 30 |  
j60_22_3.rcp | 300.00092 | 309912 | -1 | 279068 | 300.00107 | 547317 | -1 | 523605 |  
j60_22_4.rcp | 300.0003 | 180899 | -1 | 276547 | 300.00198 | 307285 | -1 | 460873 |  
j60_22_5.rcp | 0.0415899 | 22 | 76 | 28 | 0.0171059 | 22 | 76 | 28 |  
j60_22_6.rcp | 300.00092 | 457060 | -1 | 28823 | 300.00027 | 794986 | -1 | 56813 |  
j60_22_7.rcp | 67.453964 | 77671 | 69 | 82634 | 28.703161 | 77671 | 69 | 82634 |  
j60_22_8.rcp | 1.4709071 | 1274 | 59 | 865 | 0.79366964 | 1274 | 59 | 885 |  
j60_22_9.rcp | 0.0338041 | 35 | 65 | 26 | 0.020981 | 35 | 65 | 26 |  
j60_22_10.rcp | 95.40463 | 129295 | 70 | 75307 | 49.184242 | 129295 | 70 | 75272 |  
j60_23_1.rcp | 42.727337 | 57344 | 75 | 21992 | 15.223066 | 57344 | 75 | 21992 |  
j60_23_2.rcp | 0.0268878 | 29 | 69 | 8 | 0.01254 | 29 | 69 | 8 |  
j60_23_3.rcp | 0.0312167 | 33 | 78 | 5 | 0.0162477 | 33 | 78 | 5 |  
j60_23_4.rcp | 0.0271748 | 26 | 83 | 17 | 0.0124628 | 26 | 83 | 17 |  
j60_23_5.rcp | 0.0149338 | 22 | 72 | 2 | 0.0070621 | 22 | 72 | 2 |  
j60_23_6.rcp | 0.0309924 | 25 | 81 | 21 | 0.0147309 | 25 | 81 | 21 |  
j60_23_7.rcp | 0.0278384 | 24 | 60 | 11 | 0.0143565 | 24 | 60 | 11 |  
j60_23_8.rcp | 0.0375473 | 39 | 72 | 15 | 0.019575 | 39 | 72 | 15 |  
j60_23_9.rcp | 0.0290324 | 21 | 64 | 15 | 0.014045 | 21 | 64 | 15 |  
j60_23_10.rcp | 0.0248781 | 26 | 68 | 12 | 0.0111377 | 26 | 68 | 12 |  
j60_24_1.rcp | 0.016407 | 21 | 65 | 6 | 0.0072545 | 21 | 65 | 6 |  
j60_24_2.rcp | 0.0133759 | 24 | 55 | 0 | 0.0062527 | 24 | 55 | 0 |  
j60_24_3.rcp | 0.0151162 | 23 | 67 | 2 | 0.0067063 | 23 | 67 | 2 |  
j60_24_4.rcp | 0.0148763 | 25 | 78 | 2 | 0.0069187 | 25 | 78 | 2 |  
j60_24_5.rcp | 0.0196334 | 20 | 76 | 9 | 0.0085514 | 20 | 76 | 9 |  
j60_24_6.rcp | 0.0169656 | 24 | 75 | 3 | 0.0074608 | 24 | 75 | 3 |  
j60_24_7.rcp | 0.0161495 | 20 | 68 | 6 | 0.0075102 | 20 | 68 | 6 |  
j60_24_8.rcp | 0.0165865 | 23 | 81 | 8 | 0.0074151 | 23 | 81 | 8 |  
j60_24_9.rcp | 0.0285983 | 28 | 80 | 9 | 0.0141321 | 28 | 80 | 9 |  
j60_24_10.rcp | 0.0190043 | 24 | 66 | 0 | 0.0093813 | 24 | 66 | 0 |  
j60_25_1.rcp | 300.00513 | 192190 | -1 | 221854 | 300.00827 | 242978 | -1 | 262610 |  
j60_25_2.rcp | 300.0027 | 218284 | -1 | 277683 | 300.0083 | 255774 | -1 | 380149 |  
j60_25_3.rcp | 300.00143 | 51123 | -1 | 144675 | 300.0073 | 72815 | -1 | 205199 |  
j60_25_4.rcp | 300.00732 | 71428 | -1 | 221560 | 300.00418 | 98167 | -1 | 303323 |  
j60_25_5.rcp | 300.001 | 212530 | -1 | 251439 | 300.00012 | 272798 | -1 | 319674 |  
j60_25_6.rcp | 300.0011 | 177011 | -1 | 218564 | 300.00024 | 220345 | -1 | 282802 |  
j60_25_7.rcp | 300.00284 | 70951 | -1 | 252335 | 300.0026 | 94524 | -1 | 346720 |  
j60_25_8.rcp | 300.00006 | 304626 | -1 | 110757 | 300.00128 | 408164 | -1 | 121118 |  
j60_25_9.rcp | 300.0015 | 92387 | -1 | 187465 | 300.01126 | 125375 | -1 | 266423 |  
j60_25_10.rcp | 300.00058 | 220165 | -1 | 162093 | 300.00134 | 274198 | -1 | 228732 |  
j60_26_1.rcp | 300.00162 | 156404 | -1 | 111151 | 300.00143 | 291112 | -1 | 224618 |  
j60_26_2.rcp | 300.0029 | 120627 | -1 | 87523 | 300.00055 | 163632 | -1 | 118781 |  
j60_26_3.rcp | 300.00003 | 160586 | -1 | 79867 | 300.00058 | 238391 | -1 | 130281 |  
j60_26_4.rcp | 300.00055 | 113783 | -1 | 160512 | 300.00092 | 172178 | -1 | 242741 |  
j60_26_5.rcp | 300.00018 | 145726 | -1 | 172425 | 300.00223 | 255834 | -1 | 334463 |  
j60_26_6.rcp | 300.00204 | 126037 | -1 | 150955 | 300.00287 | 217562 | -1 | 290100 |  
j60_26_7.rcp | 0.30801058 | 131 | 72 | 108 | 0.1457945 | 131 | 72 | 123 |  
j60_26_8.rcp | 300.00064 | 89708 | -1 | 205977 | 300.0017 | 168819 | -1 | 393485 |  
j60_26_9.rcp | 300.00116 | 253013 | -1 | 56918 | 300.00024 | 416699 | -1 | 100500 |  
j60_26_10.rcp | 0.0546293 | 23 | 85 | 15 | 0.0235334 | 23 | 85 | 15 |  
j60_27_1.rcp | 0.06047 | 31 | 96 | 15 | 0.0251926 | 31 | 96 | 15 |  
j60_27_2.rcp | 0.0770142 | 40 | 74 | 11 | 0.0351155 | 40 | 74 | 11 |  
j60_27_3.rcp | 0.1240882 | 67 | 76 | 45 | 0.0745892 | 67 | 76 | 45 |  
j60_27_4.rcp | 0.044785 | 24 | 60 | 8 | 0.0206796 | 24 | 60 | 8 |  
j60_27_5.rcp | 0.039015 | 22 | 78 | 11 | 0.0174646 | 22 | 78 | 11 |  
j60_27_6.rcp | 0.0192565 | 15 | 64 | 0 | 0.0101591 | 15 | 64 | 0 |  
j60_27_7.rcp | 0.0449421 | 26 | 83 | 10 | 0.0246043 | 26 | 83 | 10 |  
j60_27_8.rcp | 30.980783 | 15737 | 88 | 12139 | 16.054596 | 15737 | 88 | 12609 |  
j60_27_9.rcp | 0.0502076 | 23 | 76 | 4 | 0.0205167 | 23 | 76 | 4 |  
j60_27_10.rcp | 1.4943182 | 1931 | 57 | 472 | 0.74994457 | 1931 | 57 | 472 |  
j60_28_1.rcp | 0.0368035 | 26 | 92 | 1 | 0.0156728 | 26 | 92 | 1 |  
j60_28_2.rcp | 0.0319304 | 23 | 64 | 4 | 0.0134109 | 23 | 64 | 4 |  
j60_28_3.rcp | 0.0327224 | 25 | 72 | 9 | 0.0147089 | 25 | 72 | 9 |  
j60_28_4.rcp | 0.0398333 | 28 | 84 | 8 | 0.0210417 | 28 | 84 | 8 |  
j60_28_5.rcp | 0.0242952 | 27 | 71 | 0 | 0.0109434 | 27 | 71 | 0 |  
j60_28_6.rcp | 0.0346668 | 24 | 89 | 2 | 0.0161609 | 24 | 89 | 2 |  
j60_28_7.rcp | 0.0260226 | 24 | 75 | 0 | 0.010826 | 24 | 75 | 0 |  
j60_28_8.rcp | 0.0365915 | 24 | 62 | 5 | 0.0168946 | 24 | 62 | 5 |  
j60_28_9.rcp | 0.025165 | 25 | 74 | 0 | 0.0116392 | 25 | 74 | 0 |  
j60_28_10.rcp | 0.0241615 | 17 | 74 | 1 | 0.0102017 | 17 | 74 | 1 |  
j60_29_1.rcp | 300.0137 | 102351 | -1 | 117074 | 300.0001 | 140022 | -1 | 178337 |  
j60_29_2.rcp | 300.01965 | 56826 | -1 | 80809 | 300.02124 | 78568 | -1 | 132318 |  
j60_29_3.rcp | 300.0011 | 57688 | -1 | 109814 | 300.00745 | 50964 | -1 | 207083 |  
j60_29_4.rcp | 300.01123 | 568370 | -1 | 60342 | 300.00412 | 574089 | -1 | 56103 |  
j60_29_5.rcp | 300.02032 | 59067 | -1 | 75056 | 300.00076 | 82609 | -1 | 106007 |  
j60_29_6.rcp | 300.00003 | 1005577 | -1 | 6 | 300.0004 | 815887 | -1 | 6 |  
j60_29_7.rcp | 300.00003 | 848366 | -1 | 214 | 300.00037 | 914231 | -1 | 214 |  
j60_29_8.rcp | 300.00018 | 396850 | -1 | 116886 | 300.00143 | 312663 | -1 | 131433 |  
j60_29_9.rcp | 300.00015 | 760348 | -1 | 35235 | 300.00012 | 721249 | -1 | 16044 |  
j60_29_10.rcp | 300.0001 | 890947 | -1 | 2 | 300.00037 | 663990 | -1 | 2 |  
j60_30_1.rcp | 300.0006 | 86038 | -1 | 125491 | 300.0003 | 189896 | -1 | 153025 |  
j60_30_2.rcp | 300.00034 | 167406 | -1 | 217275 | 300.00034 | 223111 | -1 | 367787 |  
j60_30_3.rcp | 300.0078 | 78228 | -1 | 163165 | 300.00378 | 124060 | -1 | 273607 |  
j60_30_4.rcp | 300.0008 | 142558 | -1 | 47560 | 300.00073 | 302033 | -1 | 133538 |  
j60_30_5.rcp | 300.00162 | 116036 | -1 | 128969 | 300.0009 | 164944 | -1 | 200048 |  
j60_30_6.rcp | 300.00534 | 83749 | -1 | 176891 | 300.00143 | 149223 | -1 | 342582 |  
j60_30_7.rcp | 300.00146 | 47635 | -1 | 172492 | 300.00446 | 67733 | -1 | 247862 |  
j60_30_8.rcp | 300.00034 | 114650 | -1 | 102030 | 300.0005 | 218403 | -1 | 192636 |  
j60_30_9.rcp | 300.0018 | 64826 | -1 | 146279 | 300.00256 | 132236 | -1 | 299651 |  
j60_30_10.rcp | 300.0073 | 93365 | -1 | 162822 | 300.00027 | 125595 | -1 | 194132 |  
j60_31_1.rcp | 0.6189897 | 264 | 65 | 126 | 0.30366522 | 264 | 65 | 126 |  
j60_31_2.rcp | 0.073000304 | 21 | 74 | 14 | 0.0383624 | 21 | 74 | 14 |  
j60_31_3.rcp | 32.102917 | 15632 | 66 | 6974 | 16.370085 | 15632 | 66 | 7038 |  
j60_31_4.rcp | 300.00107 | 142101 | -1 | 5421 | 300.00058 | 323889 | -1 | 12699 |  
j60_31_5.rcp | 0.0538079 | 29 | 72 | 2 | 0.0251587 | 29 | 72 | 2 |  
j60_31_6.rcp | 0.0500049 | 20 | 72 | 5 | 0.0214277 | 20 | 72 | 5 |  
j60_31_7.rcp | 0.0652021 | 19 | 76 | 7 | 0.0310992 | 19 | 76 | 7 |  
j60_31_8.rcp | 0.1644684 | 62 | 75 | 58 | 0.0845907 | 62 | 75 | 58 |  
j60_31_9.rcp | 0.0642689 | 28 | 86 | 10 | 0.0301482 | 28 | 86 | 10 |  
j60_31_10.rcp | 300.00125 | 188984 | -1 | 29750 | 300.00015 | 371815 | -1 | 56333 |  
j60_32_1.rcp | 0.0416482 | 25 | 69 | 1 | 0.0319844 | 25 | 69 | 1 |  
j60_32_2.rcp | 0.0511708 | 25 | 114 | 0 | 0.0195929 | 25 | 114 | 0 |  
j60_32_3.rcp | 0.0506123 | 24 | 85 | 4 | 0.0217744 | 24 | 85 | 4 |  
j60_32_4.rcp | 0.033139 | 23 | 56 | 0 | 0.014594 | 23 | 56 | 0 |  
j60_32_5.rcp | 0.0563217 | 23 | 77 | 2 | 0.0327873 | 23 | 77 | 2 |  
j60_32_6.rcp | 0.0537696 | 26 | 93 | 1 | 0.0179476 | 26 | 93 | 1 |  
j60_32_7.rcp | 0.0376523 | 22 | 76 | 4 | 0.0171491 | 22 | 76 | 4 |  
j60_32_8.rcp | 0.0451385 | 25 | 76 | 0 | 0.0214484 | 25 | 76 | 0 |  
j60_32_9.rcp | 0.0398656 | 21 | 74 | 2 | 0.0190839 | 21 | 74 | 2 |  
j60_32_10.rcp | 0.0408121 | 21 | 77 | 1 | 0.0168641 | 21 | 77 | 1 |  
j60_33_1.rcp | 300.0007 | 945222 | -1 | 400643 | 300.0001 | 1304055 | -1 | 633352 |  
j60_33_2.rcp | 6.2022467 | 28221 | 100 | 8602 | 3.1766486 | 28221 | 100 | 9358 |  
j60_33_3.rcp | 0.0146388 | 28 | 79 | 47 | 0.0089134 | 28 | 79 | 47 |  
j60_33_4.rcp | 300.0007 | 459568 | -1 | 881127 | 170.25482 | 664159 | 81 | 1273268 |  
j60_33_5.rcp | 300.0006 | 689463 | -1 | 675723 | 300.00012 | 1035100 | -1 | 1400370 |  
j60_33_6.rcp | 300.00037 | 658903 | -1 | 1975418 | 300.00037 | 1273736 | -1 | 3084229 |  
j60_33_7.rcp | 300.0004 | 616803 | -1 | 1076198 | 300.00024 | 883271 | -1 | 1513371 |  
j60_33_8.rcp | 300.00015 | 660458 | -1 | 1255444 | 300.00006 | 1323116 | -1 | 2497421 |  
j60_33_9.rcp | 300.0025 | 397101 | -1 | 591786 | 300.00626 | 607793 | -1 | 904407 |  
j60_33_10.rcp | 300.0003 | 925246 | -1 | 691632 | 300.00067 | 1406669 | -1 | 1080787 |  
j60_34_1.rcp | 300.00015 | 987700 | -1 | 925505 | 300.00018 | 1607736 | -1 | 1535569 |  
j60_34_2.rcp | 0.0157535 | 29 | 68 | 17 | 0.0069338 | 29 | 68 | 17 |  
j60_34_3.rcp | 0.011519 | 50 | 61 | 18 | 0.0080569 | 50 | 61 | 18 |  
j60_34_4.rcp | 0.0067602 | 23 | 83 | 6 | 0.0034855 | 23 | 83 | 6 |  
j60_34_5.rcp | 0.2364741 | 846 | 80 | 288 | 0.088993505 | 846 | 80 | 288 |  
j60_34_6.rcp | 0.0215484 | 33 | 81 | 26 | 0.0089658 | 33 | 81 | 26 |  
j60_34_7.rcp | 2.093122 | 5896 | 85 | 2627 | 1.1727786 | 5896 | 85 | 2627 |  
j60_34_8.rcp | 0.0179595 | 29 | 63 | 11 | 0.0065363 | 29 | 63 | 11 |  
j60_34_9.rcp | 0.0078474 | 29 | 77 | 14 | 0.0040743 | 29 | 77 | 14 |  
j60_34_10.rcp | 0.0081445 | 30 | 92 | 21 | 0.00426 | 30 | 92 | 21 |  
j60_35_1.rcp | 0.0063412 | 22 | 78 | 7 | 0.0030025 | 22 | 78 | 7 |  
j60_35_2.rcp | 0.0058646 | 24 | 77 | 6 | 0.003354 | 24 | 77 | 6 |  
j60_35_3.rcp | 0.0177955 | 49 | 89 | 29 | 0.0101943 | 49 | 89 | 29 |  
j60_35_4.rcp | 0.0080033 | 32 | 72 | 12 | 0.0040872 | 32 | 72 | 12 |  
j60_35_5.rcp | 0.009861 | 29 | 76 | 10 | 0.005577 | 29 | 76 | 10 |  
j60_35_6.rcp | 0.0082835 | 27 | 79 | 13 | 0.0042548 | 27 | 79 | 13 |  
j60_35_7.rcp | 0.005528 | 26 | 73 | 10 | 0.0028672 | 26 | 73 | 10 |  
j60_35_8.rcp | 0.0097264 | 32 | 78 | 9 | 0.0052415 | 32 | 78 | 9 |  
j60_35_9.rcp | 0.0130104 | 37 | 76 | 12 | 0.0067855 | 37 | 76 | 12 |  
j60_35_10.rcp | 0.0063778 | 28 | 71 | 2 | 0.0033947 | 28 | 71 | 2 |  
j60_36_1.rcp | 0.0057987 | 21 | 61 | 5 | 0.0026697 | 21 | 61 | 5 |  
j60_36_2.rcp | 0.0079644 | 26 | 75 | 8 | 0.0035757 | 26 | 75 | 8 |  
j60_36_3.rcp | 0.0053399 | 24 | 81 | 3 | 0.0027389 | 24 | 81 | 3 |  
j60_36_4.rcp | 0.0047118 | 23 | 85 | 4 | 0.0021897 | 23 | 85 | 4 |  
j60_36_5.rcp | 0.0052507 | 21 | 57 | 8 | 0.0022942 | 21 | 57 | 8 |  
j60_36_6.rcp | 0.0036161 | 19 | 76 | 2 | 0.0020685 | 19 | 76 | 2 |  
j60_36_7.rcp | 0.0060191 | 22 | 71 | 1 | 0.0022987 | 22 | 71 | 1 |  
j60_36_8.rcp | 0.0047412 | 21 | 69 | 0 | 0.0025623 | 21 | 69 | 0 |  
j60_36_9.rcp | 0.0048847 | 26 | 86 | 1 | 0.0023175 | 26 | 86 | 1 |  
j60_36_10.rcp | 0.0049683 | 26 | 77 | 3 | 0.0025541 | 26 | 77 | 3 |  
j60_37_1.rcp | 300.00003 | 117127 | -1 | 606850 | 300.00168 | 153790 | -1 | 790560 |  
j60_37_2.rcp | 300.00024 | 338426 | -1 | 309401 | 300.00012 | 471602 | -1 | 417868 |  
j60_37_3.rcp | 300.00024 | 522535 | -1 | 247264 | 300.00027 | 647503 | -1 | 387472 |  
j60_37_4.rcp | 300.00418 | 158178 | -1 | 540768 | 300.00592 | 177356 | -1 | 784228 |  
j60_37_5.rcp | 300.00146 | 130366 | -1 | 395084 | 300.0026 | 195442 | -1 | 601447 |  
j60_37_6.rcp | 300.00244 | 840523 | -1 | 316164 | 300.00003 | 941266 | -1 | 454127 |  
j60_37_7.rcp | 300.00433 | 147531 | -1 | 402921 | 300.00208 | 207785 | -1 | 578979 |  
j60_37_8.rcp | 300.00208 | 91177 | -1 | 604436 | 300.009 | 130163 | -1 | 875731 |  
j60_37_9.rcp | 300.00018 | 192937 | -1 | 584662 | 300.00107 | 302468 | -1 | 925425 |  
j60_37_10.rcp | 300.00098 | 152614 | -1 | 300076 | 300.00055 | 228513 | -1 | 449722 |  
j60_38_1.rcp | 300.00006 | 310669 | -1 | 282665 | 300.00146 | 550977 | -1 | 521258 |  
j60_38_2.rcp | 300.0003 | 194295 | -1 | 320295 | 300.00003 | 274740 | -1 | 458733 |  
j60_38_3.rcp | 300.00034 | 398645 | -1 | 29454 | 300.00037 | 831719 | -1 | 57358 |  
j60_38_4.rcp | 13.571736 | 12911 | 58 | 12285 | 8.979758 | 12911 | 58 | 12583 |  
j60_38_5.rcp | 0.0378303 | 23 | 103 | 25 | 0.0156157 | 23 | 103 | 25 |  
j60_38_6.rcp | 0.0384779 | 36 | 86 | 30 | 0.0219974 | 36 | 86 | 30 |  
j60_38_7.rcp | 0.0529899 | 46 | 74 | 21 | 0.0228714 | 46 | 74 | 21 |  
j60_38_8.rcp | 32.96582 | 32829 | 71 | 10665 | 22.457188 | 32829 | 71 | 10665 |  
j60_38_9.rcp | 0.0336346 | 23 | 66 | 10 | 0.016667 | 23 | 66 | 10 |  
j60_38_10.rcp | 300.00018 | 285030 | -1 | 203924 | 300.00012 | 536846 | -1 | 406084 |  
j60_39_1.rcp | 0.0314118 | 37 | 80 | 10 | 0.0147111 | 37 | 80 | 10 |  
j60_39_2.rcp | 0.0232132 | 23 | 84 | 9 | 0.0113403 | 23 | 84 | 9 |  
j60_39_3.rcp | 0.0297536 | 23 | 83 | 26 | 0.0152073 | 23 | 83 | 26 |  
j60_39_4.rcp | 0.0271363 | 25 | 92 | 16 | 0.0137491 | 25 | 92 | 16 |  
j60_39_5.rcp | 0.0296112 | 29 | 73 | 14 | 0.020369 | 29 | 73 | 14 |  
j60_39_6.rcp | 0.098432496 | 99 | 84 | 47 | 0.0561862 | 99 | 84 | 46 |  
j60_39_7.rcp | 0.0326345 | 28 | 68 | 17 | 0.0139965 | 28 | 68 | 17 |  
j60_39_8.rcp | 0.0248454 | 21 | 77 | 4 | 0.0122967 | 21 | 77 | 4 |  
j60_39_9.rcp | 0.0183311 | 19 | 72 | 6 | 0.0091071 | 19 | 72 | 6 |  
j60_39_10.rcp | 0.0229118 | 27 | 74 | 11 | 0.0107576 | 27 | 74 | 11 |  
j60_40_1.rcp | 0.0148372 | 23 | 86 | 3 | 0.0080595 | 23 | 86 | 3 |  
j60_40_2.rcp | 0.0154993 | 22 | 81 | 1 | 0.0079163 | 22 | 81 | 1 |  
j60_40_3.rcp | 0.0125679 | 21 | 70 | 0 | 0.0059689 | 21 | 70 | 0 |  
j60_40_4.rcp | 0.0190143 | 23 | 87 | 5 | 0.0093548 | 23 | 87 | 5 |  
j60_40_5.rcp | 0.017952 | 23 | 83 | 3 | 0.0095718 | 23 | 83 | 3 |  
j60_40_6.rcp | 0.0135338 | 23 | 69 | 4 | 0.0065437 | 23 | 69 | 4 |  
j60_40_7.rcp | 0.0198578 | 20 | 68 | 2 | 0.0084915 | 20 | 68 | 2 |  
j60_40_8.rcp | 0.0168312 | 24 | 80 | 4 | 0.0076195 | 24 | 80 | 4 |  
j60_40_9.rcp | 0.0187174 | 27 | 90 | 2 | 0.0079515 | 27 | 90 | 2 |  
j60_40_10.rcp | 0.0172062 | 22 | 73 | 3 | 0.007518 | 22 | 73 | 3 |  
j60_41_1.rcp | 300.01212 | 47477 | -1 | 303197 | 300.00882 | 74312 | -1 | 416546 |  
j60_41_2.rcp | 300.00076 | 45951 | -1 | 208016 | 300.01697 | 62038 | -1 | 276959 |  
j60_41_3.rcp | 300.00006 | 1641808 | -1 | 54393 | 300.0002 | 1029884 | -1 | 51834 |  
j60_41_4.rcp | 300.00204 | 59537 | -1 | 259729 | 300.0065 | 71110 | -1 | 310699 |  
j60_41_5.rcp | 300.00015 | 151188 | -1 | 232291 | 300.01364 | 154423 | -1 | 264524 |  
j60_41_6.rcp | 300.0039 | 47823 | -1 | 104370 | 300.0094 | 74956 | -1 | 129481 |  
j60_41_7.rcp | 300.00067 | 48426 | -1 | 163624 | 300.0048 | 127886 | -1 | 429690 |  
j60_41_8.rcp | 300.0042 | 91615 | -1 | 317182 | 300.00073 | 123640 | -1 | 413428 |  
j60_41_9.rcp | 300.00037 | 95869 | -1 | 201893 | 300.00482 | 136404 | -1 | 296298 |  
j60_41_10.rcp | 300.0017 | 220515 | -1 | 127886 | 300.00055 | 299725 | -1 | 174045 |  
j60_42_1.rcp | 47.074234 | 22951 | 83 | 29750 | 25.690819 | 22951 | 83 | 29790 |  
j60_42_2.rcp | 4.6961246 | 2359 | 68 | 3989 | 2.576458 | 2359 | 68 | 4231 |  
j60_42_3.rcp | 300.00168 | 108632 | -1 | 190449 | 300.00302 | 172331 | -1 | 314562 |  
j60_42_4.rcp | 300.0005 | 87446 | -1 | 189256 | 300.0021 | 186868 | -1 | 481660 |  
j60_42_5.rcp | 0.08677471 | 65 | 73 | 40 | 0.0416379 | 65 | 73 | 40 |  
j60_42_6.rcp | 300.00137 | 164478 | -1 | 132087 | 300.00143 | 277092 | -1 | 239180 |  
j60_42_7.rcp | 300.00208 | 64232 | -1 | 370731 | 300.00662 | 92945 | -1 | 569538 |  
j60_42_8.rcp | 300.00024 | 148714 | -1 | 66768 | 300.00244 | 216863 | -1 | 90255 |  
j60_42_9.rcp | 300.0006 | 157355 | -1 | 219352 | 300.00287 | 178350 | -1 | 506805 |  
j60_42_10.rcp | 300.0054 | 79822 | -1 | 180802 | 300.00027 | 138686 | -1 | 311741 |  
j60_43_1.rcp | 300.00314 | 126057 | -1 | 192626 | 300.0003 | 284386 | -1 | 455283 |  
j60_43_2.rcp | 300.00375 | 139925 | -1 | 148790 | 300.00003 | 288315 | -1 | 294355 |  
j60_43_3.rcp | 0.0443275 | 26 | 74 | 1 | 0.018091 | 26 | 74 | 1 |  
j60_43_4.rcp | 300.00034 | 221532 | -1 | 1168 | 300.00027 | 367207 | -1 | 1168 |  
j60_43_5.rcp | 300.00037 | 232201 | -1 | 218658 | 300.00015 | 568803 | -1 | 541304 |  
j60_43_6.rcp | 31.777885 | 22410 | 84 | 1720 | 11.885822 | 22410 | 84 | 1718 |  
j60_43_7.rcp | 0.0728302 | 29 | 89 | 18 | 0.036592 | 29 | 89 | 18 |  
j60_43_8.rcp | 0.0441965 | 24 | 69 | 6 | 0.0195762 | 24 | 69 | 6 |  
j60_43_9.rcp | 300.00122 | 202380 | -1 | 24054 | 300.0012 | 358823 | -1 | 40864 |  
j60_43_10.rcp | 7.9658003 | 4220 | 78 | 2845 | 3.45324 | 4220 | 78 | 2845 |  
j60_44_1.rcp | 0.0362661 | 27 | 84 | 0 | 0.0136405 | 27 | 84 | 0 |  
j60_44_2.rcp | 0.030561 | 22 | 68 | 1 | 0.0143029 | 22 | 68 | 1 |  
j60_44_3.rcp | 0.0291686 | 26 | 87 | 0 | 0.0141999 | 26 | 87 | 0 |  
j60_44_4.rcp | 0.0277665 | 22 | 77 | 0 | 0.0119889 | 22 | 77 | 0 |  
j60_44_5.rcp | 0.0423007 | 26 | 74 | 2 | 0.0192363 | 26 | 74 | 2 |  
j60_44_6.rcp | 0.0282554 | 24 | 81 | 0 | 0.0137208 | 24 | 81 | 0 |  
j60_44_7.rcp | 0.0245144 | 19 | 76 | 0 | 0.0109658 | 19 | 76 | 0 |  
j60_44_8.rcp | 0.0340005 | 22 | 83 | 3 | 0.0163329 | 22 | 83 | 3 |  
j60_44_9.rcp | 0.0238969 | 22 | 65 | 0 | 0.0109266 | 22 | 65 | 0 |  
j60_44_10.rcp | 0.0261787 | 20 | 65 | 7 | 0.011273 | 20 | 65 | 7 |  
j60_45_1.rcp | 300.01538 | 52584 | -1 | 133039 | 300.00012 | 79692 | -1 | 185849 |  
j60_45_2.rcp | 300.0001 | 1072324 | -1 | 4043 | 300.00073 | 715054 | -1 | 2154 |  
j60_45_3.rcp | 300.00006 | 1175720 | -1 | 396 | 300.00034 | 737883 | -1 | 396 |  
j60_45_4.rcp | 300.00125 | 234201 | -1 | 61834 | 300.0118 | 317240 | -1 | 88855 |  
j60_45_5.rcp | 300.0004 | 540364 | -1 | 64852 | 300.00006 | 637513 | -1 | 81493 |  
j60_45_6.rcp | 300.0061 | 18041 | -1 | 155017 | 300.00082 | 73817 | -1 | 197924 |  
j60_45_7.rcp | 300.0003 | 425065 | -1 | 19626 | 300.0195 | 414571 | -1 | 21748 |  
j60_45_8.rcp | 300.01486 | 210047 | -1 | 100762 | 300.00113 | 228509 | -1 | 124385 |  
j60_45_9.rcp | 300.0162 | 343442 | -1 | 92031 | 300.01395 | 378246 | -1 | 108582 |  
j60_45_10.rcp | 300.00046 | 864940 | -1 | 24 | 300.0003 | 542824 | -1 | 24 |  
j60_46_1.rcp | 300.0003 | 124126 | -1 | 55745 | 300.00113 | 183825 | -1 | 92787 |  
j60_46_2.rcp | 300.0016 | 83290 | -1 | 120367 | 300.0029 | 145132 | -1 | 219298 |  
j60_46_3.rcp | 300.00098 | 68458 | -1 | 222499 | 300.0011 | 109897 | -1 | 379233 |  
j60_46_4.rcp | 300.001 | 175983 | -1 | 60589 | 300.00064 | 261150 | -1 | 106543 |  
j60_46_5.rcp | 300.004 | 110290 | -1 | 162927 | 300.0001 | 166756 | -1 | 231334 |  
j60_46_6.rcp | 300.0011 | 50860 | -1 | 164235 | 300.0058 | 75554 | -1 | 276015 |  
j60_46_7.rcp | 300.00238 | 70425 | -1 | 108928 | 300.0014 | 100898 | -1 | 180131 |  
j60_46_8.rcp | 300.00275 | 90506 | -1 | 110359 | 300.00314 | 141263 | -1 | 165942 |  
j60_46_9.rcp | 300.0034 | 111096 | -1 | 145558 | 300.00067 | 170219 | -1 | 222610 |  
j60_46_10.rcp | 300.00296 | 112412 | -1 | 46431 | 300.00027 | 159902 | -1 | 64700 |  
j60_47_1.rcp | 0.3194913 | 166 | 75 | 42 | 0.1182439 | 166 | 75 | 42 |  
j60_47_2.rcp | 71.31687 | 31404 | 66 | 5485 | 42.046448 | 31404 | 66 | 5485 |  
j60_47_3.rcp | 0.0429606 | 18 | 69 | 4 | 0.0226209 | 18 | 69 | 4 |  
j60_47_4.rcp | 0.07445671 | 24 | 76 | 9 | 0.0364219 | 24 | 76 | 9 |  
j60_47_5.rcp | 300.00076 | 103760 | -1 | 130261 | 300.0008 | 179591 | -1 | 226260 |  
j60_47_6.rcp | 0.0837053 | 42 | 76 | 7 | 0.0443635 | 42 | 76 | 7 |  
j60_47_7.rcp | 269.65222 | 114414 | 68 | 49559 | 145.99355 | 114414 | 68 | 49559 |  
j60_47_8.rcp | 300.00156 | 147064 | -1 | 43578 | 201.9614 | 178943 | 71 | 53616 |  
j60_47_9.rcp | 7.303419 | 3501 | 76 | 673 | 3.4186506 | 3501 | 76 | 657 |  
j60_47_10.rcp | 141.804 | 58094 | 66 | 68844 | 82.107285 | 58094 | 66 | 68923 |  
j60_48_1.rcp | 0.0428431 | 23 | 71 | 1 | 0.014583699 | 23 | 71 | 1 |  
j60_48_2.rcp | 0.0451703 | 21 | 87 | 0 | 0.0164846 | 21 | 87 | 0 |  
j60_48_3.rcp | 0.0380313 | 19 | 84 | 3 | 0.017317 | 19 | 84 | 3 |  
j60_48_4.rcp | 0.047689 | 24 | 62 | 2 | 0.0226331 | 24 | 62 | 2 |  
j60_48_5.rcp | 0.0457445 | 27 | 101 | 1 | 0.0239261 | 27 | 101 | 1 |  
j60_48_6.rcp | 0.0428623 | 23 | 66 | 1 | 0.0206214 | 23 | 66 | 1 |  
j60_48_7.rcp | 0.047764 | 27 | 77 | 3 | 0.0196739 | 27 | 77 | 3 |  
j60_48_8.rcp | 0.0487194 | 22 | 88 | 6 | 0.0230035 | 22 | 88 | 6 |  
j60_48_9.rcp | 0.0441793 | 21 | 82 | 3 | 0.0173635 | 21 | 82 | 3 |  
j60_48_10.rcp | 0.0454471 | 21 | 70 | 2 | 0.0176076 | 21 | 70 | 2 |  
AVERAGE |4.6391196 | 4874.3584 | 2928.1829 | 2.3869724 | 4874.3584 | 2999.0173 |  
TIME RATIO  = 194.35164 backtracks= 0.02020-06-25
 23:38:49.127502
Data/J60/ 
  BRANCHEMENT DYNAMIQUE  
 Inst |old_time |old_backt |makespan |old_prop |new_time |new_backt |makespan |new_prop|  
j60_1_1.rcp | 0.0486535 | 77 | 77 | 76 | 0.0213724 | 77 | 77 | 76 |  
j60_1_2.rcp | 2.0354662 | 9120 | 68 | 2136 | 1.0148528 | 9120 | 68 | 2848 |  
j60_1_3.rcp | 0.027399 | 90 | 68 | 88 | 0.015596601 | 90 | 68 | 89 |  
j60_1_4.rcp | 0.0293414 | 81 | 91 | 63 | 0.018152 | 81 | 91 | 63 |  
j60_1_5.rcp | 0.0435107 | 95 | 73 | 97 | 0.025873 | 95 | 73 | 97 |  
j60_1_6.rcp | 83.83149 | 187039 | 66 | 206198 | 49.09963 | 167173 | 66 | 195471 |  
j60_1_7.rcp | 11.293521 | 32398 | 72 | 44832 | 25.999807 | 151753 | 72 | 181845 |  
j60_1_8.rcp | 5.8192577 | 18444 | 75 | 17512 | 2.7991872 | 17744 | 75 | 17503 |  
j60_1_9.rcp | 0.0225914 | 54 | 85 | 47 | 0.0133544 | 54 | 85 | 47 |  
j60_1_10.rcp | 0.0269024 | 92 | 80 | 75 | 0.014464 | 92 | 80 | 75 |  
j60_2_1.rcp | 0.0084634 | 42 | 65 | 20 | 0.0043606 | 42 | 65 | 20 |  
j60_2_2.rcp | 0.009154501 | 41 | 82 | 21 | 0.0050772 | 41 | 82 | 21 |  
j60_2_3.rcp | 0.009049401 | 38 | 78 | 18 | 0.005216 | 38 | 78 | 18 |  
j60_2_4.rcp | 0.0102884 | 40 | 78 | 18 | 0.0058626 | 40 | 78 | 18 |  
j60_2_5.rcp | 0.034394 | 168 | 54 | 59 | 0.0194938 | 168 | 54 | 59 |  
j60_2_6.rcp | 0.0427561 | 174 | 64 | 83 | 0.0254263 | 174 | 64 | 82 |  
j60_2_7.rcp | 0.01199 | 43 | 53 | 15 | 0.0062346 | 43 | 53 | 15 |  
j60_2_8.rcp | 0.0137532 | 54 | 66 | 25 | 0.006551899 | 54 | 66 | 25 |  
j60_2_9.rcp | 0.009621299 | 46 | 65 | 16 | 0.0052541 | 46 | 65 | 16 |  
j60_2_10.rcp | 0.0211316 | 86 | 69 | 36 | 0.011247901 | 86 | 69 | 36 |  
j60_3_1.rcp | 0.0061723 | 39 | 60 | 9 | 0.0033099 | 39 | 60 | 9 |  
j60_3_2.rcp | 0.0073545 | 38 | 69 | 14 | 0.003823801 | 38 | 69 | 14 |  
j60_3_3.rcp | 0.0111463 | 48 | 105 | 3 | 0.0061996 | 48 | 105 | 3 |  
j60_3_4.rcp | 0.006102001 | 30 | 81 | 6 | 0.0032443 | 30 | 81 | 6 |  
j60_3_5.rcp | 0.0072849 | 34 | 83 | 6 | 0.0035141 | 34 | 83 | 6 |  
j60_3_6.rcp | 0.0161375 | 43 | 57 | 19 | 0.005905299 | 43 | 57 | 19 |  
j60_3_7.rcp | 0.009977 | 45 | 59 | 11 | 0.0110082 | 89 | 59 | 22 |  
j60_3_8.rcp | 0.2744681 | 1036 | 55 | 667 | 0.1535376 | 1036 | 55 | 674 |  
j60_3_9.rcp | 0.0277256 | 133 | 67 | 31 | 0.0187625 | 133 | 67 | 31 |  
j60_3_10.rcp | 0.0272243 | 70 | 69 | 38 | 0.0128389 | 70 | 69 | 53 |  
j60_4_1.rcp | 0.006228501 | 42 | 84 | 1 | 0.003466099 | 42 | 84 | 1 |  
j60_4_2.rcp | 0.0043818 | 34 | 60 | 0 | 0.002366099 | 34 | 60 | 0 |  
j60_4_3.rcp | 0.004437601 | 35 | 58 | 1 | 0.0025221 | 35 | 58 | 1 |  
j60_4_4.rcp | 0.0054524 | 37 | 65 | 5 | 0.0030408 | 37 | 65 | 5 |  
j60_4_5.rcp | 0.0063385 | 35 | 75 | 3 | 0.003237499 | 35 | 75 | 3 |  
j60_4_6.rcp | 0.0051533 | 41 | 71 | 1 | 0.002753099 | 41 | 71 | 1 |  
j60_4_7.rcp | 0.005892501 | 39 | 67 | 2 | 0.0031792 | 39 | 67 | 2 |  
j60_4_8.rcp | 0.0063519 | 44 | 65 | 3 | 0.0036711 | 44 | 65 | 3 |  
j60_4_9.rcp | 0.0070439 | 43 | 75 | 4 | 0.0036716 | 43 | 75 | 4 |  
j60_4_10.rcp | 0.0077278 | 44 | 77 | 5 | 0.0043307 | 44 | 77 | 5 |  
j60_5_1.rcp | 300.00055 | 169631 | -1 | 308384 | 300.00137 | 470570 | -1 | 648776 |  
j60_5_2.rcp | 300.00253 | 78980 | -1 | 404941 | 300.00006 | 198630 | -1 | 838014 |  
j60_5_3.rcp | 300.00156 | 257000 | -1 | 297180 | 300.00018 | 517615 | -1 | 923714 |  
j60_5_4.rcp | 300.00247 | 136570 | -1 | 363397 | 300.0008 | 242055 | -1 | 705677 |  
j60_5_5.rcp | 300.00092 | 158122 | -1 | 317787 | 300.00012 | 266232 | -1 | 544164 |  
j60_5_6.rcp | 300.00012 | 203354 | -1 | 279452 | 300.00006 | 318004 | -1 | 692711 |  
j60_5_7.rcp | 300.0014 | 117543 | -1 | 374187 | 300.00027 | 223703 | -1 | 670032 |  
j60_5_8.rcp | 300.00253 | 163781 | -1 | 408035 | 300.00052 | 313959 | -1 | 1182199 |  
j60_5_9.rcp | 300.00006 | 133603 | -1 | 412147 | 300.00095 | 311195 | -1 | 1120360 |  
j60_5_10.rcp | 300.0001 | 243969 | -1 | 281828 | 300.00012 | 317904 | -1 | 412807 |  
j60_6_1.rcp | 300.0003 | 231002 | -1 | 441433 | 300.00082 | 453654 | -1 | 673135 |  
j60_6_2.rcp | 0.1945923 | 163 | 67 | 89 | 0.0966822 | 163 | 67 | 89 |  
j60_6_3.rcp | 0.0573474 | 50 | 72 | 39 | 0.0261992 | 50 | 72 | 39 |  
j60_6_4.rcp | 3.4863105 | 2722 | 67 | 3832 | 1.5530804 | 2722 | 67 | 3832 |  
j60_6_5.rcp | 0.0386383 | 39 | 78 | 14 | 0.0208895 | 39 | 78 | 14 |  
j60_6_6.rcp | 300.00073 | 285784 | -1 | 241553 | 300.0016 | 588286 | -1 | 361315 |  
j60_6_7.rcp | 0.2360929 | 200 | 61 | 148 | 0.1225578 | 200 | 61 | 148 |  
j60_6_8.rcp | 0.0532585 | 36 | 72 | 43 | 0.0293357 | 36 | 72 | 43 |  
j60_6_9.rcp | 0.0470541 | 39 | 64 | 37 | 0.0206232 | 39 | 64 | 37 |  
j60_6_10.rcp | 0.0432656 | 36 | 74 | 23 | 0.0187461 | 36 | 74 | 23 |  
j60_7_1.rcp | 0.0343651 | 37 | 77 | 11 | 0.0132537 | 37 | 77 | 11 |  
j60_7_2.rcp | 0.0287678 | 33 | 85 | 22 | 0.0143216 | 33 | 85 | 22 |  
j60_7_3.rcp | 0.0283514 | 38 | 62 | 16 | 0.0150343 | 38 | 62 | 16 |  
j60_7_4.rcp | 0.0252428 | 39 | 63 | 14 | 0.012641299 | 39 | 63 | 14 |  
j60_7_5.rcp | 0.0300335 | 39 | 71 | 14 | 0.0151173 | 39 | 71 | 14 |  
j60_7_6.rcp | 0.0263555 | 31 | 65 | 13 | 0.0131325 | 31 | 65 | 13 |  
j60_7_7.rcp | 0.032626 | 37 | 89 | 12 | 0.0163075 | 37 | 89 | 12 |  
j60_7_8.rcp | 0.018653 | 29 | 66 | 4 | 0.0092126 | 29 | 66 | 4 |  
j60_7_9.rcp | 0.0236504 | 37 | 44 | 3 | 0.0103002 | 37 | 44 | 3 |  
j60_7_10.rcp | 0.0239885 | 34 | 82 | 11 | 0.0122459 | 34 | 82 | 11 |  
j60_8_1.rcp | 0.0135699 | 34 | 64 | 0 | 0.008589499 | 34 | 64 | 0 |  
j60_8_2.rcp | 0.0173863 | 36 | 61 | 2 | 0.0084585 | 36 | 61 | 2 |  
j60_8_3.rcp | 0.0285193 | 39 | 79 | 4 | 0.0149281 | 39 | 79 | 4 |  
j60_8_4.rcp | 0.0170494 | 32 | 64 | 0 | 0.0084141 | 32 | 64 | 0 |  
j60_8_5.rcp | 0.0222704 | 38 | 83 | 0 | 0.0121208 | 38 | 83 | 0 |  
j60_8_6.rcp | 0.0206505 | 39 | 56 | 2 | 0.010214399 | 39 | 56 | 2 |  
j60_8_7.rcp | 0.0216088 | 38 | 62 | 2 | 0.0103624 | 38 | 62 | 2 |  
j60_8_8.rcp | 0.0226471 | 39 | 66 | 1 | 0.0110807 | 39 | 66 | 1 |  
j60_8_9.rcp | 0.0171811 | 34 | 58 | 0 | 0.0089522 | 34 | 58 | 0 |  
j60_8_10.rcp | 0.0244658 | 42 | 97 | 2 | 0.0114376 | 42 | 97 | 2 |  
j60_9_1.rcp | 300.00317 | 229917 | -1 | 162691 | 300.001 | 352342 | -1 | 122544 |  
j60_9_2.rcp | 300.0029 | 46027 | -1 | 231524 | 300.00168 | 69806 | -1 | 355740 |  
j60_9_3.rcp | 300.00394 | 71775 | -1 | 193001 | 300.00235 | 107119 | -1 | 267317 |  
j60_9_4.rcp | 300.01184 | 52146 | -1 | 217970 | 300.00378 | 74747 | -1 | 342269 |  
j60_9_5.rcp | 300.00018 | 128914 | -1 | 166915 | 300.00055 | 174075 | -1 | 209068 |  
j60_9_6.rcp | 300.00662 | 54411 | -1 | 319791 | 300.0067 | 82793 | -1 | 474255 |  
j60_9_7.rcp | 300.00015 | 146849 | -1 | 272462 | 300.00073 | 182505 | -1 | 327539 |  
j60_9_8.rcp | 300.00565 | 93097 | -1 | 210859 | 300.00186 | 190286 | -1 | 402501 |  
j60_9_9.rcp | 300.00598 | 93464 | -1 | 177517 | 300.0035 | 110608 | -1 | 284564 |  
j60_9_10.rcp | 300.0312 | 50441 | -1 | 243524 | 300.00183 | 157094 | -1 | 235978 |  
j60_10_1.rcp | 0.1151826 | 42 | 85 | 61 | 0.0677354 | 42 | 85 | 61 |  
j60_10_2.rcp | 0.1375515 | 78 | 62 | 53 | 0.0618486 | 78 | 62 | 53 |  
j60_10_3.rcp | 0.191058 | 85 | 72 | 75 | 0.1089258 | 85 | 72 | 75 |  
j60_10_4.rcp | 0.071414895 | 34 | 80 | 37 | 0.0379748 | 34 | 80 | 37 |  
j60_10_5.rcp | 0.18400499 | 76 | 79 | 138 | 0.1147846 | 76 | 79 | 138 |  
j60_10_6.rcp | 0.0549077 | 31 | 67 | 19 | 0.0320139 | 31 | 67 | 19 |  
j60_10_7.rcp | 300.0008 | 160231 | -1 | 169294 | 300.0005 | 279548 | -1 | 403725 |  
j60_10_8.rcp | 0.3382287 | 118 | 65 | 131 | 0.17702751 | 118 | 65 | 131 |  
j60_10_9.rcp | 300.0004 | 142792 | -1 | 167729 | 300.00076 | 239779 | -1 | 317216 |  
j60_10_10.rcp | 0.0979844 | 59 | 73 | 41 | 0.0554178 | 59 | 73 | 41 |  
j60_11_1.rcp | 0.0616872 | 39 | 71 | 31 | 0.0397366 | 39 | 71 | 31 |  
j60_11_2.rcp | 0.0409655 | 37 | 61 | 6 | 0.0215285 | 37 | 61 | 6 |  
j60_11_3.rcp | 0.083711505 | 35 | 76 | 22 | 0.0330273 | 35 | 76 | 22 |  
j60_11_4.rcp | 0.0513053 | 29 | 69 | 8 | 0.0266449 | 29 | 69 | 8 |  
j60_11_5.rcp | 0.0609566 | 40 | 65 | 15 | 0.0319462 | 40 | 65 | 15 |  
j60_11_6.rcp | 0.0866691 | 43 | 70 | 16 | 0.0435321 | 43 | 70 | 16 |  
j60_11_7.rcp | 0.0575473 | 39 | 70 | 16 | 0.0288153 | 39 | 70 | 16 |  
j60_11_8.rcp | 0.0556944 | 37 | 69 | 15 | 0.0318457 | 37 | 69 | 15 |  
j60_11_9.rcp | 0.0592227 | 33 | 62 | 24 | 0.0259637 | 33 | 62 | 24 |  
j60_11_10.rcp | 0.0511595 | 34 | 58 | 11 | 0.0244155 | 34 | 58 | 11 |  
j60_12_1.rcp | 0.0284667 | 33 | 59 | 0 | 0.0149385 | 33 | 59 | 0 |  
j60_12_2.rcp | 0.0303678 | 37 | 58 | 0 | 0.0161892 | 37 | 58 | 0 |  
j60_12_3.rcp | 0.0348502 | 35 | 75 | 2 | 0.0185596 | 35 | 75 | 2 |  
j60_12_4.rcp | 0.0367458 | 37 | 69 | 0 | 0.0181148 | 37 | 69 | 0 |  
j60_12_5.rcp | 0.0350109 | 33 | 63 | 1 | 0.0238209 | 33 | 63 | 1 |  
j60_12_6.rcp | 0.0422575 | 37 | 54 | 0 | 0.0157277 | 37 | 54 | 0 |  
j60_12_7.rcp | 0.0371434 | 36 | 71 | 0 | 0.0142172 | 36 | 71 | 0 |  
j60_12_8.rcp | 0.0325962 | 35 | 60 | 0 | 0.0156813 | 35 | 60 | 0 |  
j60_12_9.rcp | 0.0534318 | 40 | 59 | 1 | 0.026321 | 40 | 59 | 1 |  
j60_12_10.rcp | 0.0429749 | 34 | 79 | 1 | 0.0208036 | 34 | 79 | 1 |  
j60_13_1.rcp | 300.01694 | 59641 | -1 | 146379 | 300.0068 | 77199 | -1 | 196821 |  
j60_13_2.rcp | 300.0045 | 50699 | -1 | 168439 | 300.00067 | 64211 | -1 | 238531 |  
j60_13_3.rcp | 300.01312 | 60708 | -1 | 124339 | 300.00092 | 88476 | -1 | 207908 |  
j60_13_4.rcp | 300.00616 | 53131 | -1 | 159407 | 300.0001 | 70761 | -1 | 230384 |  
j60_13_5.rcp | 300.0014 | 23952 | -1 | 203680 | 300.01947 | 31422 | -1 | 276574 |  
j60_13_6.rcp | 300.00385 | 275687 | -1 | 50627 | 300.00027 | 119671 | -1 | 114787 |  
j60_13_7.rcp | 300.00012 | 461547 | -1 | 10 | 300.00046 | 414001 | -1 | 10 |  
j60_13_8.rcp | 300.0177 | 41319 | -1 | 172733 | 300.00494 | 50867 | -1 | 244368 |  
j60_13_9.rcp | 300.031 | 31586 | -1 | 149228 | 300.0035 | 50125 | -1 | 229221 |  
j60_13_10.rcp | 300.0048 | 57019 | -1 | 78634 | 300.00638 | 74179 | -1 | 104563 |  
j60_14_1.rcp | 300.00192 | 172320 | -1 | 113183 | 300.001 | 263791 | -1 | 201868 |  
j60_14_2.rcp | 11.542022 | 5587 | 65 | 2430 | 7.6404204 | 5587 | 65 | 2430 |  
j60_14_3.rcp | 300.0003 | 91345 | -1 | 155915 | 300.0029 | 183669 | -1 | 307574 |  
j60_14_4.rcp | 300.00024 | 77679 | -1 | 157986 | 300.0003 | 126613 | -1 | 375368 |  
j60_14_5.rcp | 300.00128 | 128214 | -1 | 166789 | 300.0006 | 222260 | -1 | 300960 |  
j60_14_6.rcp | 54.9992 | 27648 | 65 | 8909 | 23.2505 | 27648 | 65 | 8909 |  
j60_14_7.rcp | 0.5003186 | 189 | 69 | 92 | 0.2664748 | 189 | 69 | 92 |  
j60_14_8.rcp | 0.16790141 | 42 | 88 | 43 | 0.1008602 | 42 | 88 | 43 |  
j60_14_9.rcp | 1.6948578 | 589 | 61 | 547 | 0.7392624 | 589 | 61 | 547 |  
j60_14_10.rcp | 300.00012 | 72273 | -1 | 178795 | 300.0025 | 104313 | -1 | 311428 |  
j60_15_1.rcp | 0.0770754 | 35 | 84 | 11 | 0.0401635 | 35 | 84 | 11 |  
j60_15_2.rcp | 0.1166174 | 36 | 89 | 26 | 0.0578641 | 36 | 89 | 26 |  
j60_15_3.rcp | 0.1563517 | 70 | 72 | 36 | 0.0699365 | 70 | 72 | 36 |  
j60_15_4.rcp | 0.0855894 | 35 | 75 | 18 | 0.0442876 | 35 | 75 | 18 |  
j60_15_5.rcp | 0.1207832 | 50 | 70 | 40 | 0.0639809 | 50 | 70 | 40 |  
j60_15_6.rcp | 0.0861834 | 35 | 76 | 16 | 0.0458606 | 35 | 76 | 16 |  
j60_15_7.rcp | 0.0848976 | 38 | 64 | 11 | 0.0410971 | 38 | 64 | 11 |  
j60_15_8.rcp | 0.086483 | 35 | 79 | 28 | 0.0428393 | 35 | 79 | 28 |  
j60_15_9.rcp | 0.08240151 | 36 | 72 | 5 | 0.0466893 | 36 | 72 | 5 |  
j60_15_10.rcp | 0.0708402 | 36 | 61 | 23 | 0.0378506 | 36 | 61 | 23 |  
j60_16_1.rcp | 0.0503773 | 30 | 64 | 0 | 0.0206705 | 30 | 64 | 0 |  
j60_16_2.rcp | 0.0500042 | 36 | 64 | 0 | 0.0238456 | 36 | 64 | 0 |  
j60_16_3.rcp | 0.0537833 | 33 | 53 | 1 | 0.0265338 | 33 | 53 | 1 |  
j60_16_4.rcp | 0.0685654 | 38 | 60 | 5 | 0.0308244 | 38 | 60 | 5 |  
j60_16_5.rcp | 0.052555 | 40 | 66 | 0 | 0.027815 | 40 | 66 | 0 |  
j60_16_6.rcp | 0.0515136 | 37 | 66 | 0 | 0.0245304 | 37 | 66 | 0 |  
j60_16_7.rcp | 0.0651226 | 36 | 82 | 0 | 0.0365419 | 36 | 82 | 0 |  
j60_16_8.rcp | 0.0516089 | 37 | 68 | 0 | 0.0255341 | 37 | 68 | 0 |  
j60_16_9.rcp | 0.0438998 | 37 | 54 | 0 | 0.0230994 | 37 | 54 | 0 |  
j60_16_10.rcp | 0.060393 | 34 | 68 | 1 | 0.0260017 | 34 | 68 | 1 |  
j60_17_1.rcp | 2.8067293 | 6954 | 86 | 11701 | 1.474537 | 6954 | 86 | 11411 |  
j60_17_2.rcp | 0.28543332 | 588 | 69 | 667 | 0.1648651 | 588 | 69 | 673 |  
j60_17_3.rcp | 0.0746125 | 130 | 89 | 165 | 0.0393416 | 128 | 89 | 153 |  
j60_17_4.rcp | 0.0298188 | 93 | 71 | 62 | 0.0164409 | 93 | 71 | 62 |  
j60_17_5.rcp | 3.3461156 | 8241 | 59 | 6006 | 1.5964851 | 8241 | 59 | 6159 |  
j60_17_6.rcp | 0.0715324 | 143 | 69 | 173 | 0.0361353 | 143 | 69 | 173 |  
j60_17_7.rcp | 0.0270219 | 88 | 83 | 88 | 0.015598 | 88 | 83 | 88 |  
j60_17_8.rcp | 300.00095 | 736478 | -1 | 610492 | 300.00012 | 1443482 | -1 | 1064963 |  
j60_17_9.rcp | 0.0525244 | 106 | 76 | 115 | 0.0284817 | 106 | 76 | 115 |  
j60_17_10.rcp | 0.0325237 | 77 | 72 | 72 | 0.0170188 | 77 | 72 | 72 |  
j60_18_1.rcp | 0.0153366 | 46 | 81 | 20 | 0.0109841 | 46 | 81 | 20 |  
j60_18_2.rcp | 0.0131786 | 46 | 69 | 19 | 0.0064394 | 46 | 69 | 19 |  
j60_18_3.rcp | 0.0201593 | 85 | 77 | 28 | 0.0098115 | 85 | 77 | 28 |  
j60_18_4.rcp | 0.0109195 | 33 | 71 | 20 | 0.0057342 | 33 | 71 | 20 |  
j60_18_5.rcp | 0.0097881 | 40 | 80 | 17 | 0.0070428 | 40 | 80 | 17 |  
j60_18_6.rcp | 0.0106019 | 37 | 61 | 21 | 0.005032 | 37 | 61 | 21 |  
j60_18_7.rcp | 0.0284653 | 101 | 93 | 48 | 0.0146268 | 101 | 93 | 48 |  
j60_18_8.rcp | 0.0123978 | 45 | 78 | 22 | 0.0087112 | 45 | 78 | 22 |  
j60_18_9.rcp | 0.008899 | 42 | 69 | 12 | 0.0043951 | 42 | 69 | 12 |  
j60_18_10.rcp | 0.0105452 | 44 | 97 | 12 | 0.0048275 | 44 | 97 | 12 |  
j60_19_1.rcp | 0.0086803 | 36 | 62 | 13 | 0.0041643 | 36 | 62 | 13 |  
j60_19_2.rcp | 0.0090672 | 37 | 83 | 11 | 0.0047281 | 37 | 83 | 11 |  
j60_19_3.rcp | 0.0157295 | 88 | 83 | 14 | 0.0088958 | 88 | 83 | 14 |  
j60_19_4.rcp | 0.008199 | 43 | 67 | 8 | 0.0038738 | 43 | 67 | 8 |  
j60_19_5.rcp | 0.0093719 | 40 | 73 | 6 | 0.0049616 | 40 | 73 | 6 |  
j60_19_6.rcp | 0.0133645 | 70 | 69 | 14 | 0.007827 | 70 | 69 | 14 |  
j60_19_7.rcp | 0.0081543 | 40 | 60 | 12 | 0.0041583 | 40 | 60 | 12 |  
j60_19_8.rcp | 0.0088566 | 46 | 87 | 7 | 0.0058782 | 46 | 87 | 7 |  
j60_19_9.rcp | 0.0275403 | 125 | 69 | 22 | 0.0148873 | 125 | 69 | 22 |  
j60_19_10.rcp | 0.009016 | 41 | 78 | 9 | 0.0062204 | 41 | 78 | 9 |  
j60_20_1.rcp | 0.0057431 | 39 | 60 | 0 | 0.0030816 | 39 | 60 | 0 |  
j60_20_2.rcp | 0.0064623 | 32 | 78 | 2 | 0.0033552 | 32 | 78 | 2 |  
j60_20_3.rcp | 0.0062676 | 33 | 69 | 2 | 0.0030558 | 33 | 69 | 2 |  
j60_20_4.rcp | 0.0051629 | 37 | 86 | 0 | 0.0043404 | 37 | 86 | 0 |  
j60_20_5.rcp | 0.0057932 | 40 | 71 | 0 | 0.0036206 | 40 | 71 | 0 |  
j60_20_6.rcp | 0.0075712 | 40 | 97 | 2 | 0.0037837 | 40 | 97 | 2 |  
j60_20_7.rcp | 0.0058232 | 39 | 74 | 0 | 0.00321 | 39 | 74 | 0 |  
j60_20_8.rcp | 0.0075595 | 37 | 65 | 4 | 0.0035833 | 37 | 65 | 4 |  
j60_20_9.rcp | 0.0070532 | 35 | 74 | 7 | 0.0033809 | 35 | 74 | 7 |  
j60_20_10.rcp | 0.0054394 | 41 | 70 | 0 | 0.003263 | 41 | 70 | 0 |  
j60_21_1.rcp | 300.0036 | 100102 | -1 | 310756 | 300.00034 | 177792 | -1 | 513189 |  
j60_21_2.rcp | 300.00073 | 93505 | -1 | 257127 | 300.00104 | 184462 | -1 | 498857 |  
j60_21_3.rcp | 300.00058 | 101404 | -1 | 476899 | 300.00153 | 207836 | -1 | 827380 |  
j60_21_4.rcp | 300.0001 | 108381 | -1 | 278966 | 300.00082 | 173105 | -1 | 956967 |  
j60_21_5.rcp | 300.00046 | 241449 | -1 | 140231 | 300.0006 | 363024 | -1 | 202880 |  
j60_21_6.rcp | 300.00052 | 133548 | -1 | 304407 | 300.0005 | 287342 | -1 | 780583 |  
j60_21_7.rcp | 300.00018 | 278993 | -1 | 158028 | 300.00012 | 488734 | -1 | 317099 |  
j60_21_8.rcp | 300.00003 | 176523 | -1 | 314077 | 300.00165 | 314880 | -1 | 542236 |  
j60_21_9.rcp | 300.00253 | 215021 | -1 | 310242 | 300.00302 | 140861 | -1 | 785123 |  
j60_21_10.rcp | 300.00122 | 113450 | -1 | 387711 | 300.00125 | 180252 | -1 | 595120 |  
j60_22_1.rcp | 135.73181 | 102532 | 64 | 65256 | 70.72301 | 101544 | 64 | 65213 |  
j60_22_2.rcp | 0.0307727 | 34 | 83 | 24 | 0.0153111 | 34 | 83 | 24 |  
j60_22_3.rcp | 121.8466 | 84925 | 70 | 129516 | 58.413933 | 84925 | 70 | 129788 |  
j60_22_4.rcp | 300.00067 | 255406 | -1 | 356811 | 300.00055 | 442278 | -1 | 897599 |  
j60_22_5.rcp | 0.0494178 | 43 | 76 | 24 | 0.0246285 | 43 | 76 | 24 |  
j60_22_6.rcp | 0.108059 | 89 | 79 | 63 | 0.0497715 | 89 | 79 | 63 |  
j60_22_7.rcp | 0.0286953 | 34 | 69 | 15 | 0.0150543 | 34 | 69 | 15 |  
j60_22_8.rcp | 0.048893 | 45 | 59 | 24 | 0.0259955 | 45 | 59 | 24 |  
j60_22_9.rcp | 0.0345552 | 38 | 65 | 27 | 0.0171492 | 38 | 65 | 27 |  
j60_22_10.rcp | 0.3132155 | 274 | 70 | 207 | 0.17236099 | 274 | 70 | 207 |  
j60_23_1.rcp | 0.0312869 | 33 | 75 | 16 | 0.0151094 | 33 | 75 | 16 |  
j60_23_2.rcp | 0.0268383 | 36 | 69 | 10 | 0.0127256 | 36 | 69 | 10 |  
j60_23_3.rcp | 0.0394328 | 45 | 78 | 13 | 0.0198575 | 45 | 78 | 13 |  
j60_23_4.rcp | 0.0309401 | 34 | 83 | 20 | 0.0174676 | 34 | 83 | 20 |  
j60_23_5.rcp | 0.0325444 | 42 | 72 | 14 | 0.0170019 | 42 | 72 | 14 |  
j60_23_6.rcp | 0.0449665 | 49 | 81 | 17 | 0.0232677 | 49 | 81 | 17 |  
j60_23_7.rcp | 0.0338649 | 39 | 60 | 14 | 0.0177966 | 39 | 60 | 14 |  
j60_23_8.rcp | 0.0289513 | 44 | 72 | 7 | 0.0153496 | 44 | 72 | 7 |  
j60_23_9.rcp | 0.0323739 | 40 | 64 | 16 | 0.0163859 | 40 | 64 | 16 |  
j60_23_10.rcp | 0.0328247 | 38 | 68 | 11 | 0.0173272 | 38 | 68 | 11 |  
j60_24_1.rcp | 0.0227719 | 37 | 65 | 6 | 0.010888 | 37 | 65 | 6 |  
j60_24_2.rcp | 0.0245165 | 47 | 55 | 1 | 0.0118849 | 47 | 55 | 1 |  
j60_24_3.rcp | 0.0244711 | 40 | 67 | 3 | 0.0118182 | 40 | 67 | 3 |  
j60_24_4.rcp | 0.0208497 | 39 | 78 | 0 | 0.0114226 | 39 | 78 | 0 |  
j60_24_5.rcp | 0.0265497 | 40 | 76 | 2 | 0.0127083 | 40 | 76 | 2 |  
j60_24_6.rcp | 0.0229025 | 42 | 75 | 0 | 0.011025 | 42 | 75 | 0 |  
j60_24_7.rcp | 0.0223051 | 37 | 68 | 2 | 0.0105278 | 37 | 68 | 2 |  
j60_24_8.rcp | 0.0246014 | 38 | 81 | 9 | 0.0116669 | 38 | 81 | 9 |  
j60_24_9.rcp | 0.0316146 | 37 | 80 | 10 | 0.0159828 | 37 | 80 | 10 |  
j60_24_10.rcp | 0.0246213 | 36 | 66 | 1 | 0.0113727 | 36 | 66 | 1 |  
j60_25_1.rcp | 300.00778 | 43638 | -1 | 250008 | 300.00073 | 97125 | -1 | 306062 |  
j60_25_2.rcp | 300.00632 | 66592 | -1 | 224001 | 300.01202 | 99509 | -1 | 337924 |  
j60_25_3.rcp | 300.0003 | 52342 | -1 | 194311 | 300.0046 | 76936 | -1 | 259684 |  
j60_25_4.rcp | 300.0056 | 80991 | -1 | 242285 | 300.0042 | 96088 | -1 | 351250 |  
j60_25_5.rcp | 300.00076 | 157872 | -1 | 144294 | 300.00064 | 213317 | -1 | 192951 |  
j60_25_6.rcp | 300.00717 | 42321 | -1 | 181035 | 300.0014 | 62806 | -1 | 257434 |  
j60_25_7.rcp | 300.00345 | 39899 | -1 | 187256 | 300.00385 | 55245 | -1 | 264461 |  
j60_25_8.rcp | 300.00143 | 127145 | -1 | 152723 | 300.00137 | 358916 | -1 | 515778 |  
j60_25_9.rcp | 300.00208 | 66072 | -1 | 115757 | 300.00168 | 76480 | -1 | 165951 |  
j60_25_10.rcp | 300.00836 | 58271 | -1 | 259694 | 300.00006 | 87445 | -1 | 385731 |  
j60_26_1.rcp | 0.1499584 | 60 | 80 | 58 | 0.0826448 | 60 | 80 | 58 |  
j60_26_2.rcp | 106.34525 | 43239 | 66 | 47476 | 60.2158 | 39782 | 66 | 51090 |  
j60_26_3.rcp | 300.00266 | 124801 | -1 | 106764 | 300.00027 | 190499 | -1 | 167880 |  
j60_26_4.rcp | 300.00006 | 270728 | -1 | 93052 | 300.00034 | 604849 | -1 | 180327 |  
j60_26_5.rcp | 3.7265625 | 1275 | 61 | 2649 | 1.883486 | 1277 | 61 | 2980 |  
j60_26_6.rcp | 300.00394 | 101818 | -1 | 170205 | 300.00247 | 162890 | -1 | 288776 |  
j60_26_7.rcp | 0.8696163 | 470 | 72 | 427 | 0.4314838 | 470 | 72 | 502 |  
j60_26_8.rcp | 0.1151948 | 39 | 89 | 47 | 0.0652384 | 39 | 89 | 47 |  
j60_26_9.rcp | 300.0009 | 118713 | -1 | 142399 | 300.00256 | 251613 | -1 | 396394 |  
j60_26_10.rcp | 0.0664404 | 36 | 85 | 16 | 0.050541 | 36 | 85 | 16 |  
j60_27_1.rcp | 0.0917748 | 40 | 96 | 24 | 0.0479721 | 40 | 96 | 24 |  
j60_27_2.rcp | 0.0746732 | 42 | 74 | 14 | 0.0430083 | 42 | 74 | 14 |  
j60_27_3.rcp | 0.078350894 | 35 | 76 | 23 | 0.0405202 | 35 | 76 | 23 |  
j60_27_4.rcp | 0.0498138 | 34 | 60 | 18 | 0.0240155 | 34 | 60 | 18 |  
j60_27_5.rcp | 0.0536968 | 37 | 78 | 19 | 0.0274905 | 37 | 78 | 19 |  
j60_27_6.rcp | 0.0615189 | 38 | 64 | 12 | 0.0278506 | 38 | 64 | 12 |  
j60_27_7.rcp | 0.0761639 | 41 | 83 | 18 | 0.0441609 | 41 | 83 | 18 |  
j60_27_8.rcp | 0.072801694 | 45 | 88 | 22 | 0.0345452 | 45 | 88 | 22 |  
j60_27_9.rcp | 0.0622581 | 42 | 76 | 9 | 0.0322492 | 42 | 76 | 9 |  
j60_27_10.rcp | 0.0635258 | 41 | 57 | 11 | 0.0342483 | 41 | 57 | 11 |  
j60_28_1.rcp | 0.0445294 | 41 | 92 | 0 | 0.0226164 | 41 | 92 | 0 |  
j60_28_2.rcp | 0.0494773 | 38 | 64 | 3 | 0.0199681 | 38 | 64 | 3 |  
j60_28_3.rcp | 0.0419759 | 37 | 72 | 0 | 0.0208666 | 37 | 72 | 0 |  
j60_28_4.rcp | 0.0537378 | 41 | 84 | 3 | 0.0236027 | 41 | 84 | 3 |  
j60_28_5.rcp | 0.0414639 | 40 | 71 | 0 | 0.0166243 | 40 | 71 | 0 |  
j60_28_6.rcp | 0.0496461 | 42 | 89 | 0 | 0.0227741 | 42 | 89 | 0 |  
j60_28_7.rcp | 0.0440064 | 37 | 75 | 0 | 0.0210493 | 37 | 75 | 0 |  
j60_28_8.rcp | 0.0504384 | 37 | 62 | 3 | 0.0217652 | 37 | 62 | 3 |  
j60_28_9.rcp | 0.047653 | 38 | 74 | 1 | 0.0220582 | 38 | 74 | 1 |  
j60_28_10.rcp | 0.0427035 | 39 | 74 | 0 | 0.0210311 | 39 | 74 | 0 |  
j60_29_1.rcp | 300.018 | 103671 | -1 | 133743 | 300.0021 | 102967 | -1 | 179060 |  
j60_29_2.rcp | 300.0097 | 25226 | -1 | 190406 | 300.00214 | 51868 | -1 | 219820 |  
j60_29_3.rcp | 300.00015 | 506271 | -1 | 440 | 300.0004 | 294737 | -1 | 435 |  
j60_29_4.rcp | 300.00525 | 66870 | -1 | 77478 | 300.0106 | 92867 | -1 | 98910 |  
j60_29_5.rcp | 300.01212 | 34156 | -1 | 216943 | 300.00134 | 48475 | -1 | 307955 |  
j60_29_6.rcp | 300.00024 | 516618 | -1 | 6 | 300.00092 | 398333 | -1 | 6 |  
j60_29_7.rcp | 300.0272 | 77946 | -1 | 69468 | 300.0009 | 106250 | -1 | 87887 |  
j60_29_8.rcp | 300.0084 | 260136 | -1 | 92690 | 300.00058 | 261591 | -1 | 93902 |  
j60_29_9.rcp | 300.00552 | 37915 | -1 | 91172 | 300.01218 | 50576 | -1 | 163149 |  
j60_29_10.rcp | 300.0105 | 34172 | -1 | 37414 | 300.00418 | 59244 | -1 | 66535 |  
j60_30_1.rcp | 8.039269 | 3464 | 70 | 1373 | 4.434729 | 4033 | 70 | 1732 |  
j60_30_2.rcp | 300.00095 | 93434 | -1 | 94897 | 300.00015 | 160779 | -1 | 177011 |  
j60_30_3.rcp | 300.0015 | 66898 | -1 | 320300 | 300.00845 | 109730 | -1 | 517733 |  
j60_30_4.rcp | 0.15864551 | 48 | 76 | 48 | 0.0911553 | 48 | 76 | 48 |  
j60_30_5.rcp | 300.0007 | 68873 | -1 | 169561 | 300.00238 | 106680 | -1 | 265287 |  
j60_30_6.rcp | 0.0892911 | 38 | 68 | 20 | 0.0482436 | 38 | 68 | 20 |  
j60_30_7.rcp | 300.00003 | 94552 | -1 | 100208 | 300.00058 | 176627 | -1 | 184822 |  
j60_30_8.rcp | 300.0033 | 110371 | -1 | 141504 | 151.81918 | 128715 | 63 | 170418 |  
j60_30_9.rcp | 6.903634 | 1370 | 98 | 3614 | 2.4148235 | 1066 | 98 | 2635 |  
j60_30_10.rcp | 300.02036 | 66546 | -1 | 146900 | 300.0031 | 89687 | -1 | 259562 |  
j60_31_1.rcp | 0.0722821 | 36 | 65 | 12 | 0.0376666 | 36 | 65 | 12 |  
j60_31_2.rcp | 0.084241904 | 34 | 74 | 7 | 0.0380414 | 34 | 74 | 7 |  
j60_31_3.rcp | 0.0857267 | 36 | 66 | 8 | 0.0457527 | 36 | 66 | 8 |  
j60_31_4.rcp | 0.1243844 | 44 | 68 | 20 | 0.0658257 | 44 | 68 | 20 |  
j60_31_5.rcp | 0.0886671 | 42 | 72 | 24 | 0.0428244 | 42 | 72 | 24 |  
j60_31_6.rcp | 0.0848182 | 39 | 72 | 18 | 0.0427421 | 39 | 72 | 18 |  
j60_31_7.rcp | 0.1020384 | 35 | 76 | 19 | 0.0494518 | 35 | 76 | 19 |  
j60_31_8.rcp | 1.4294883 | 443 | 75 | 362 | 0.8164525 | 443 | 75 | 362 |  
j60_31_9.rcp | 0.087401696 | 37 | 86 | 15 | 0.0458023 | 37 | 86 | 15 |  
j60_31_10.rcp | 0.0756145 | 44 | 56 | 15 | 0.0421582 | 44 | 56 | 15 |  
j60_32_1.rcp | 0.0628321 | 43 | 69 | 0 | 0.0342615 | 43 | 69 | 0 |  
j60_32_2.rcp | 0.0848064 | 40 | 114 | 5 | 0.0381371 | 40 | 114 | 5 |  
j60_32_3.rcp | 0.0664924 | 36 | 85 | 1 | 0.030057 | 36 | 85 | 1 |  
j60_32_4.rcp | 0.0579668 | 38 | 56 | 0 | 0.0297101 | 38 | 56 | 0 |  
j60_32_5.rcp | 0.0692126 | 37 | 77 | 0 | 0.0345165 | 37 | 77 | 0 |  
j60_32_6.rcp | 0.073780894 | 39 | 93 | 0 | 0.0361097 | 39 | 93 | 0 |  
j60_32_7.rcp | 0.0543176 | 35 | 76 | 1 | 0.0283013 | 35 | 76 | 1 |  
j60_32_8.rcp | 0.065468 | 41 | 76 | 0 | 0.0301459 | 41 | 76 | 0 |  
j60_32_9.rcp | 0.0678537 | 35 | 74 | 3 | 0.0309536 | 35 | 74 | 3 |  
j60_32_10.rcp | 0.0735179 | 40 | 77 | 7 | 0.0438884 | 40 | 77 | 7 |  
j60_33_1.rcp | 0.3741352 | 704 | 105 | 626 | 0.14158809 | 447 | 105 | 373 |  
j60_33_2.rcp | 0.0143334 | 42 | 100 | 31 | 0.0077507 | 42 | 100 | 31 |  
j60_33_3.rcp | 0.0506016 | 118 | 79 | 106 | 0.0344449 | 118 | 79 | 106 |  
j60_33_4.rcp | 0.0592955 | 146 | 81 | 115 | 0.0302709 | 146 | 81 | 115 |  
j60_33_5.rcp | 0.33726612 | 460 | 108 | 958 | 0.131686 | 288 | 108 | 573 |  
j60_33_6.rcp | 21.157284 | 45779 | 75 | 78570 | 12.31791 | 48434 | 75 | 85166 |  
j60_33_7.rcp | 0.14269261 | 255 | 78 | 320 | 0.1041183 | 255 | 78 | 320 |  
j60_33_8.rcp | 0.1556104 | 311 | 79 | 404 | 0.08979809 | 300 | 79 | 399 |  
j60_33_9.rcp | 0.0716073 | 133 | 108 | 100 | 0.0427737 | 133 | 108 | 100 |  
j60_33_10.rcp | 0.32009262 | 700 | 84 | 372 | 0.17631139 | 700 | 84 | 372 |  
j60_34_1.rcp | 0.0976218 | 291 | 72 | 179 | 0.0493876 | 291 | 72 | 179 |  
j60_34_2.rcp | 0.0208406 | 80 | 68 | 27 | 0.0113463 | 80 | 68 | 27 |  
j60_34_3.rcp | 0.0069589 | 32 | 61 | 11 | 0.0037576 | 32 | 61 | 11 |  
j60_34_4.rcp | 0.0089277 | 35 | 83 | 11 | 0.0048448 | 35 | 83 | 11 |  
j60_34_5.rcp | 0.012006 | 37 | 80 | 16 | 0.0056131 | 37 | 80 | 16 |  
j60_34_6.rcp | 0.0222419 | 80 | 81 | 30 | 0.0113146 | 80 | 81 | 30 |  
j60_34_7.rcp | 0.0372571 | 94 | 85 | 30 | 0.0183028 | 94 | 85 | 30 |  
j60_34_8.rcp | 0.0680125 | 220 | 63 | 108 | 0.0294546 | 220 | 63 | 108 |  
j60_34_9.rcp | 0.0172951 | 44 | 77 | 19 | 0.0063791 | 44 | 77 | 20 |  
j60_34_10.rcp | 0.0099859 | 42 | 92 | 20 | 0.0051673 | 42 | 92 | 20 |  
j60_35_1.rcp | 0.0085538 | 36 | 78 | 11 | 0.0041483 | 36 | 78 | 11 |  
j60_35_2.rcp | 0.0062769 | 35 | 77 | 7 | 0.0033477 | 35 | 77 | 7 |  
j60_35_3.rcp | 0.0121269 | 50 | 89 | 15 | 0.0061632 | 50 | 89 | 15 |  
j60_35_4.rcp | 0.0133634 | 55 | 72 | 15 | 0.0067109 | 55 | 72 | 15 |  
j60_35_5.rcp | 0.0230608 | 83 | 76 | 26 | 0.0108243 | 83 | 76 | 26 |  
j60_35_6.rcp | 0.0185672 | 45 | 79 | 13 | 0.0063544 | 45 | 79 | 13 |  
j60_35_7.rcp | 0.016318 | 81 | 73 | 27 | 0.0082854 | 81 | 73 | 27 |  
j60_35_8.rcp | 0.0086976 | 37 | 78 | 9 | 0.0046742 | 37 | 78 | 9 |  
j60_35_9.rcp | 0.0174002 | 82 | 76 | 23 | 0.0092782 | 82 | 76 | 23 |  
j60_35_10.rcp | 0.0086315 | 52 | 71 | 2 | 0.0050047 | 52 | 71 | 2 |  
j60_36_1.rcp | 0.0068561 | 36 | 61 | 5 | 0.0038028 | 36 | 61 | 5 |  
j60_36_2.rcp | 0.0097926 | 43 | 75 | 9 | 0.00527 | 43 | 75 | 9 |  
j60_36_3.rcp | 0.0063312 | 37 | 81 | 5 | 0.003142 | 37 | 81 | 5 |  
j60_36_4.rcp | 0.0062249 | 42 | 85 | 1 | 0.0032633 | 42 | 85 | 1 |  
j60_36_5.rcp | 0.0086477 | 45 | 57 | 5 | 0.0039166 | 45 | 57 | 5 |  
j60_36_6.rcp | 0.0057082 | 36 | 76 | 2 | 0.0030123 | 36 | 76 | 2 |  
j60_36_7.rcp | 0.0071894 | 42 | 71 | 1 | 0.0038407 | 42 | 71 | 1 |  
j60_36_8.rcp | 0.0063463 | 36 | 69 | 0 | 0.0035633 | 36 | 69 | 0 |  
j60_36_9.rcp | 0.007574 | 40 | 86 | 3 | 0.0035615 | 40 | 86 | 3 |  
j60_36_10.rcp | 0.0072571 | 39 | 77 | 2 | 0.0039093 | 39 | 77 | 2 |  
j60_37_1.rcp | 300.0002 | 118920 | -1 | 329139 | 300.0028 | 171679 | -1 | 708140 |  
j60_37_2.rcp | 300.00406 | 120393 | -1 | 309331 | 300.00214 | 218591 | -1 | 677063 |  
j60_37_3.rcp | 300.00098 | 134488 | -1 | 269883 | 300.00012 | 229583 | -1 | 546813 |  
j60_37_4.rcp | 300.0011 | 126678 | -1 | 367452 | 300.00156 | 227202 | -1 | 648417 |  
j60_37_5.rcp | 300.0002 | 109952 | -1 | 292615 | 300.00064 | 173921 | -1 | 452980 |  
j60_37_6.rcp | 300.0011 | 110513 | -1 | 322940 | 300.00024 | 278817 | -1 | 795717 |  
j60_37_7.rcp | 300.004 | 105729 | -1 | 247125 | 300.00543 | 156601 | -1 | 399976 |  
j60_37_8.rcp | 300.00204 | 171211 | -1 | 315575 | 300.0006 | 260522 | -1 | 464531 |  
j60_37_9.rcp | 300.00067 | 105941 | -1 | 429586 | 300.00018 | 196369 | -1 | 977461 |  
j60_37_10.rcp | 300.0001 | 166159 | -1 | 259460 | 300.00015 | 329136 | -1 | 723994 |  
j60_38_1.rcp | 0.0424576 | 39 | 73 | 26 | 0.0225683 | 39 | 73 | 26 |  
j60_38_2.rcp | 300.00015 | 189034 | -1 | 341246 | 300.00027 | 449775 | -1 | 557385 |  
j60_38_3.rcp | 0.15124659 | 130 | 77 | 74 | 0.080953 | 130 | 77 | 76 |  
j60_38_4.rcp | 0.4701634 | 403 | 58 | 185 | 0.2970031 | 403 | 58 | 185 |  
j60_38_5.rcp | 0.048659 | 39 | 103 | 30 | 0.0248298 | 39 | 103 | 30 |  
j60_38_6.rcp | 0.0864328 | 82 | 86 | 47 | 0.0414345 | 82 | 86 | 47 |  
j60_38_7.rcp | 0.0992058 | 105 | 74 | 45 | 0.0481249 | 105 | 74 | 45 |  
j60_38_8.rcp | 300.00186 | 185472 | -1 | 261536 | 300.00006 | 373992 | -1 | 567938 |  
j60_38_9.rcp | 0.1270324 | 121 | 66 | 67 | 0.0689481 | 121 | 66 | 67 |  
j60_38_10.rcp | 300.0001 | 303711 | -1 | 236349 | 300.00003 | 556913 | -1 | 459193 |  
j60_39_1.rcp | 0.0359739 | 38 | 80 | 18 | 0.0164136 | 38 | 80 | 18 |  
j60_39_2.rcp | 0.0686878 | 80 | 84 | 19 | 0.0337753 | 80 | 84 | 19 |  
j60_39_3.rcp | 0.0456657 | 43 | 83 | 12 | 0.0197562 | 43 | 83 | 12 |  
j60_39_4.rcp | 0.0448814 | 50 | 92 | 21 | 0.0233931 | 50 | 92 | 21 |  
j60_39_5.rcp | 0.0678534 | 74 | 73 | 20 | 0.0341278 | 74 | 73 | 20 |  
j60_39_6.rcp | 0.3685512 | 261 | 84 | 241 | 0.19186151 | 261 | 84 | 262 |  
j60_39_7.rcp | 0.0373266 | 40 | 68 | 10 | 0.0133974 | 40 | 68 | 10 |  
j60_39_8.rcp | 0.0359166 | 43 | 77 | 5 | 0.0189996 | 43 | 77 | 5 |  
j60_39_9.rcp | 0.0346255 | 45 | 72 | 9 | 0.0181243 | 45 | 72 | 9 |  
j60_39_10.rcp | 0.0465054 | 48 | 74 | 17 | 0.0228539 | 48 | 74 | 17 |  
j60_40_1.rcp | 0.0290719 | 39 | 86 | 2 | 0.0115722 | 39 | 86 | 2 |  
j60_40_2.rcp | 0.0227255 | 36 | 81 | 4 | 0.0119923 | 36 | 81 | 4 |  
j60_40_3.rcp | 0.0250278 | 44 | 70 | 0 | 0.0128833 | 44 | 70 | 0 |  
j60_40_4.rcp | 0.0236784 | 39 | 87 | 6 | 0.0110462 | 39 | 87 | 6 |  
j60_40_5.rcp | 0.0198347 | 36 | 83 | 1 | 0.0096623 | 36 | 83 | 1 |  
j60_40_6.rcp | 0.0194918 | 37 | 69 | 1 | 0.0098464 | 37 | 69 | 1 |  
j60_40_7.rcp | 0.022629 | 33 | 68 | 0 | 0.0097955 | 33 | 68 | 0 |  
j60_40_8.rcp | 0.0260844 | 39 | 80 | 3 | 0.0115397 | 39 | 80 | 3 |  
j60_40_9.rcp | 0.0270424 | 45 | 90 | 1 | 0.0130871 | 45 | 90 | 1 |  
j60_40_10.rcp | 0.0258767 | 37 | 73 | 3 | 0.0124178 | 37 | 73 | 3 |  
j60_41_1.rcp | 300.00058 | 79655 | -1 | 179267 | 300.00027 | 60443 | -1 | 381648 |  
j60_41_2.rcp | 300.00345 | 63214 | -1 | 188218 | 300.00055 | 113188 | -1 | 356505 |  
j60_41_3.rcp | 300.0098 | 56443 | -1 | 246313 | 300.00415 | 72224 | -1 | 314139 |  
j60_41_4.rcp | 300.03137 | 71262 | -1 | 165130 | 300.00058 | 119443 | -1 | 321533 |  
j60_41_5.rcp | 300.00122 | 73997 | -1 | 123659 | 300.0011 | 94175 | -1 | 170464 |  
j60_41_6.rcp | 300.00385 | 182763 | -1 | 161153 | 300.00403 | 231580 | -1 | 199856 |  
j60_41_7.rcp | 300.00003 | 165417 | -1 | 162195 | 300.00323 | 187157 | -1 | 206641 |  
j60_41_8.rcp | 300.001 | 179890 | -1 | 179084 | 300.02368 | 64508 | -1 | 317386 |  
j60_41_9.rcp | 300.00537 | 80163 | -1 | 163986 | 300.00436 | 145626 | -1 | 325215 |  
j60_41_10.rcp | 300.0001 | 99337 | -1 | 162530 | 300.00055 | 141837 | -1 | 226008 |  
j60_42_1.rcp | 3.4828713 | 1142 | 83 | 2703 | 2.1297884 | 1142 | 83 | 2854 |  
j60_42_2.rcp | 0.2103783 | 102 | 68 | 87 | 0.0970381 | 102 | 68 | 87 |  
j60_42_3.rcp | 300.00137 | 96756 | -1 | 164000 | 300.00412 | 136725 | -1 | 295786 |  
j60_42_4.rcp | 300.00128 | 165406 | -1 | 137317 | 300.00058 | 313339 | -1 | 279985 |  
j60_42_5.rcp | 0.1573255 | 90 | 73 | 41 | 0.0923706 | 90 | 73 | 41 |  
j60_42_6.rcp | 300.00037 | 86773 | -1 | 172056 | 300.00018 | 233779 | -1 | 277434 |  
j60_42_7.rcp | 300.00684 | 133732 | -1 | 194799 | 300.0018 | 205642 | -1 | 359256 |  
j60_42_8.rcp | 300.00388 | 78927 | -1 | 144815 | 300.00104 | 151264 | -1 | 274867 |  
j60_42_9.rcp | 300.00122 | 160585 | -1 | 137438 | 300.0005 | 395532 | -1 | 351625 |  
j60_42_10.rcp | 300.0049 | 127656 | -1 | 94256 | 300.00143 | 229036 | -1 | 173277 |  
j60_43_1.rcp | 0.1101324 | 40 | 108 | 36 | 0.0531206 | 40 | 108 | 36 |  
j60_43_2.rcp | 0.19431779 | 104 | 85 | 43 | 0.1054376 | 102 | 85 | 54 |  
j60_43_3.rcp | 0.0603915 | 42 | 74 | 9 | 0.0364725 | 42 | 74 | 9 |  
j60_43_4.rcp | 0.17421569 | 82 | 75 | 21 | 0.089056 | 82 | 75 | 21 |  
j60_43_5.rcp | 0.0581008 | 35 | 64 | 9 | 0.0257973 | 35 | 64 | 9 |  
j60_43_6.rcp | 0.0773814 | 43 | 84 | 18 | 0.0426252 | 43 | 84 | 18 |  
j60_43_7.rcp | 0.098072894 | 44 | 89 | 23 | 0.0502084 | 44 | 89 | 23 |  
j60_43_8.rcp | 0.0500997 | 38 | 69 | 6 | 0.0237977 | 38 | 69 | 6 |  
j60_43_9.rcp | 0.0678304 | 43 | 70 | 13 | 0.0380049 | 43 | 70 | 13 |  
j60_43_10.rcp | 0.0881811 | 42 | 78 | 22 | 0.0434988 | 42 | 78 | 22 |  
j60_44_1.rcp | 0.0512629 | 38 | 84 | 0 | 0.020982 | 38 | 84 | 0 |  
j60_44_2.rcp | 0.0376483 | 35 | 68 | 2 | 0.019491 | 35 | 68 | 2 |  
j60_44_3.rcp | 0.0611815 | 49 | 87 | 0 | 0.0303165 | 49 | 87 | 0 |  
j60_44_4.rcp | 0.0459826 | 42 | 77 | 0 | 0.0208273 | 42 | 77 | 0 |  
j60_44_5.rcp | 0.07645231 | 41 | 74 | 4 | 0.0319526 | 41 | 74 | 4 |  
j60_44_6.rcp | 0.0470001 | 39 | 81 | 0 | 0.0222227 | 39 | 81 | 0 |  
j60_44_7.rcp | 0.0392782 | 39 | 76 | 0 | 0.0203655 | 39 | 76 | 0 |  
j60_44_8.rcp | 0.0520441 | 37 | 83 | 4 | 0.0265671 | 37 | 83 | 4 |  
j60_44_9.rcp | 0.0317611 | 31 | 65 | 0 | 0.016328 | 31 | 65 | 0 |  
j60_44_10.rcp | 0.038664 | 38 | 65 | 2 | 0.0205913 | 38 | 65 | 2 |  
j60_45_1.rcp | 300.00037 | 52907 | -1 | 128416 | 300.0004 | 81604 | -1 | 191950 |  
j60_45_2.rcp | 300.0001 | 455183 | -1 | 43 | 300.00092 | 337082 | -1 | 43 |  
j60_45_3.rcp | 300.00098 | 742563 | -1 | 20 | 300.0001 | 476324 | -1 | 20 |  
j60_45_4.rcp | 300.00015 | 580785 | -1 | 0 | 300.0001 | 557112 | -1 | 0 |  
j60_45_5.rcp | 300.00067 | 674469 | -1 | 6 | 300.00034 | 407986 | -1 | 6 |  
j60_45_6.rcp | 300.01892 | 92321 | -1 | 128218 | 300.00293 | 92685 | -1 | 129235 |  
j60_45_7.rcp | 300.00626 | 296511 | -1 | 133967 | 300.0005 | 295015 | -1 | 134359 |  
j60_45_8.rcp | 300.003 | 38350 | -1 | 165262 | 300.0081 | 57431 | -1 | 224930 |  
j60_45_9.rcp | 300.01093 | 57975 | -1 | 179925 | 300.0116 | 75829 | -1 | 249521 |  
j60_45_10.rcp | 300.00037 | 541933 | -1 | 8 | 300.00027 | 404772 | -1 | 8 |  
j60_46_1.rcp | 300.0007 | 86591 | -1 | 87861 | 300.00046 | 90059 | -1 | 220696 |  
j60_46_2.rcp | 0.43619618 | 132 | 78 | 78 | 0.5163955 | 303 | 78 | 309 |  
j60_46_3.rcp | 300.002 | 64844 | -1 | 148355 | 300.001 | 114979 | -1 | 278046 |  
j60_46_4.rcp | 300.0009 | 224844 | -1 | 9910 | 300.00073 | 335598 | -1 | 14652 |  
j60_46_5.rcp | 300.00565 | 78487 | -1 | 150558 | 300.00278 | 119454 | -1 | 238255 |  
j60_46_6.rcp | 300.00018 | 53746 | -1 | 160515 | 300.00946 | 89530 | -1 | 239047 |  
j60_46_7.rcp | 300.002 | 68394 | -1 | 91373 | 300.00098 | 105478 | -1 | 162245 |  
j60_46_8.rcp | 300.00052 | 50381 | -1 | 151204 | 300.0012 | 101122 | -1 | 247336 |  
j60_46_9.rcp | 300.0014 | 114133 | -1 | 52013 | 300.00012 | 199426 | -1 | 98670 |  
j60_46_10.rcp | 300.00345 | 99445 | -1 | 36532 | 300.00134 | 184521 | -1 | 66620 |  
j60_47_1.rcp | 0.10355409 | 41 | 75 | 13 | 0.0523719 | 41 | 75 | 13 |  
j60_47_2.rcp | 121.68556 | 59898 | 66 | 13913 | 55.938286 | 59898 | 66 | 13913 |  
j60_47_3.rcp | 0.46998462 | 185 | 69 | 92 | 0.2657826 | 185 | 69 | 85 |  
j60_47_4.rcp | 0.2524128 | 78 | 76 | 27 | 0.1525784 | 78 | 76 | 27 |  
j60_47_5.rcp | 0.1195018 | 36 | 87 | 15 | 0.0707237 | 36 | 87 | 15 |  
j60_47_6.rcp | 0.107163 | 40 | 76 | 16 | 0.0598473 | 40 | 76 | 16 |  
j60_47_7.rcp | 0.0957615 | 43 | 68 | 11 | 0.0526886 | 43 | 68 | 14 |  
j60_47_8.rcp | 0.12032329 | 49 | 71 | 23 | 0.0637376 | 49 | 71 | 21 |  
j60_47_9.rcp | 0.110417105 | 39 | 76 | 10 | 0.0664404 | 39 | 76 | 10 |  
j60_47_10.rcp | 300.00702 | 131495 | -1 | 41253 | 191.5808 | 189855 | 66 | 65943 |  
j60_48_1.rcp | 0.0465615 | 36 | 71 | 0 | 0.025013 | 36 | 71 | 0 |  
j60_48_2.rcp | 0.076586306 | 40 | 87 | 0 | 0.0395934 | 40 | 87 | 0 |  
j60_48_3.rcp | 0.0725198 | 41 | 84 | 0 | 0.0340628 | 41 | 84 | 0 |  
j60_48_4.rcp | 0.075127 | 43 | 62 | 1 | 0.0376011 | 43 | 62 | 1 |  
j60_48_5.rcp | 0.0798247 | 43 | 101 | 0 | 0.0449861 | 43 | 101 | 0 |  
j60_48_6.rcp | 0.0593864 | 34 | 66 | 0 | 0.0285405 | 34 | 66 | 0 |  
j60_48_7.rcp | 0.07216471 | 43 | 77 | 4 | 0.0372035 | 43 | 77 | 4 |  
j60_48_8.rcp | 0.0695255 | 34 | 88 | 4 | 0.035184 | 34 | 88 | 4 |  
j60_48_9.rcp | 0.0707911 | 40 | 82 | 1 | 0.0351213 | 40 | 82 | 1 |  
j60_48_10.rcp | 0.071083 | 41 | 70 | 3 | 0.0372473 | 41 | 70 | 3 |  
AVERAGE |3.2511148 | 3252.28 | 2363.4897 | 1.7024231 | 3404.1377 | 2609.8342 |  
TIME RATIO  = 190.96985 backtracks= 10.0