2020-05-16
 10:19:56.445164600
Data/KSD15/ 
  BRANCHEMENT STATIQUE 
Inst |old_time |old_backt |makespan |old_prop |new_time |new_backt |makespan |new_prop|  
j30_1_1.rcp | 0.0207416 | 11 | 282 | 4 | 0.0103026 | 11 | 282 | 4 |  
j30_1_2.rcp | 0.0041325 | 9 | 382 | 0 | 0.0031969 | 9 | 382 | 1 |  
j30_1_3.rcp | 0.0178441 | 50 | 511 | 10 | 0.0211035 | 50 | 511 | 11 |  
j30_1_4.rcp | 0.0074704 | 36 | 531 | 8 | 0.0076595 | 36 | 531 | 10 |  
j30_1_5.rcp | 0.0023774 | 11 | 281 | 6 | 0.0014473 | 11 | 281 | 6 |  
j30_1_6.rcp | 0.0023805 | 10 | 285 | 1 | 0.0023475 | 10 | 285 | 4 |  
j30_1_7.rcp | 300.00027 | 5942302 | -1 | 3730028 | 300.00018 | 5236896 | -1 | 2643952 |  
j30_1_8.rcp | 0.0039486 | 63 | 308 | 45 | 0.0055566 | 63 | 308 | 47 |  
j30_1_9.rcp | 0.0019827 | 59 | 430 | 4 | 0.0035362 | 59 | 430 | 32 |  
j30_1_10.rcp | 8.345E-4 | 11 | 454 | 3 | 4.897E-4 | 11 | 454 | 3 |  
j30_2_1.rcp | 7.703E-4 | 10 | 377 | 1 | 0.0012124 | 10 | 377 | 5 |  
j30_2_2.rcp | 7.341E-4 | 10 | 503 | 0 | 7.151E-4 | 10 | 503 | 1 |  
j30_2_3.rcp | 0.0100673 | 249 | 429 | 19 | 0.0077092 | 249 | 429 | 23 |  
j30_2_4.rcp | 5.602E-4 | 10 | 384 | 1 | 5.973E-4 | 10 | 384 | 1 |  
j30_2_5.rcp | 6.415E-4 | 10 | 430 | 1 | 7.763E-4 | 10 | 430 | 2 |  
j30_2_6.rcp | 0.0098862 | 264 | 381 | 3 | 0.0057727 | 264 | 381 | 4 |  
j30_2_7.rcp | 6.939E-4 | 9 | 276 | 1 | 4.894E-4 | 9 | 276 | 2 |  
j30_2_8.rcp | 9.366E-4 | 10 | 803 | 2 | 0.0018563 | 10 | 803 | 5 |  
j30_2_9.rcp | 9.175E-4 | 8 | 405 | 1 | 0.0014031 | 8 | 405 | 3 |  
j30_2_10.rcp | 6.337E-4 | 9 | 379 | 2 | 7.907E-4 | 9 | 379 | 3 |  
j30_3_1.rcp | 0.0014642 | 27 | 494 | 0 | 0.0019299 | 27 | 494 | 0 |  
j30_3_2.rcp | 6.62E-4 | 9 | 383 | 0 | 4.759E-4 | 9 | 383 | 2 |  
j30_3_3.rcp | 7.347E-4 | 11 | 476 | 2 | 4.654E-4 | 11 | 476 | 3 |  
j30_3_4.rcp | 4.868E-4 | 9 | 997 | 1 | 5.479E-4 | 9 | 997 | 1 |  
j30_3_5.rcp | 4.849E-4 | 10 | 484 | 4 | 6.032E-4 | 10 | 484 | 4 |  
j30_3_6.rcp | 5.717E-4 | 10 | 328 | 2 | 4.53E-4 | 10 | 328 | 3 |  
j30_3_7.rcp | 5.831E-4 | 10 | 506 | 1 | 6.327E-4 | 10 | 506 | 1 |  
j30_3_8.rcp | 4.71E-4 | 9 | 368 | 1 | 6.932E-4 | 9 | 368 | 2 |  
j30_3_9.rcp | 8.778E-4 | 10 | 262 | 2 | 8.096E-4 | 10 | 262 | 2 |  
j30_3_10.rcp | 7.597E-4 | 8 | 359 | 0 | 8.252E-4 | 8 | 359 | 0 |  
j30_4_1.rcp | 4.16E-4 | 8 | 335 | 0 | 4.6E-4 | 8 | 335 | 1 |  
j30_4_2.rcp | 4.33E-4 | 10 | 308 | 0 | 4.161E-4 | 10 | 308 | 0 |  
j30_4_3.rcp | 0.0010723 | 46 | 356 | 2 | 0.0010767 | 46 | 356 | 2 |  
j30_4_4.rcp | 9.544E-4 | 9 | 304 | 0 | 0.0011123 | 9 | 304 | 1 |  
j30_4_5.rcp | 0.0017986 | 36 | 294 | 1 | 0.0020435 | 36 | 294 | 2 |  
j30_4_6.rcp | 5.015E-4 | 8 | 394 | 0 | 5.108E-4 | 8 | 394 | 0 |  
j30_4_7.rcp | 2.819E-4 | 8 | 629 | 1 | 2.993E-4 | 8 | 629 | 1 |  
j30_4_8.rcp | 2.884E-4 | 9 | 482 | 0 | 2.71E-4 | 9 | 482 | 0 |  
j30_4_9.rcp | 5.223E-4 | 11 | 235 | 0 | 4.686E-4 | 11 | 235 | 1 |  
j30_4_10.rcp | 2.648E-4 | 7 | 760 | 1 | 2.932E-4 | 7 | 760 | 1 |  
j30_5_1.rcp | 0.0025771 | 13 | 360 | 5 | 0.0041614 | 13 | 360 | 15 |  
j30_5_2.rcp | 0.0042787 | 47 | 484 | 40 | 0.0040943 | 47 | 484 | 42 |  
j30_5_3.rcp | 300.0001 | 4794898 | -1 | 3822366 | 300.0001 | 4491382 | -1 | 3261301 |  
j30_5_4.rcp | 300.00012 | 3473172 | -1 | 3290788 | 300.0001 | 3295677 | -1 | 3184211 |  
j30_5_5.rcp | 300.0001 | 2477697 | -1 | 2600567 | 300.00027 | 2391510 | -1 | 2561119 |  
j30_5_6.rcp | 300.00003 | 3798344 | -1 | 3988074 | 300.00006 | 3164226 | -1 | 3668845 |  
j30_5_7.rcp | 300.00012 | 2081468 | -1 | 3022909 | 300.0002 | 1875046 | -1 | 2746613 |  
j30_5_8.rcp | 300.00012 | 3646523 | -1 | 1144744 | 300.00006 | 7117271 | -1 | 1617778 |  
j30_5_9.rcp | 186.95908 | 2199594 | 295 | 3742122 | 207.55907 | 2199594 | 295 | 3729037 |  
j30_5_10.rcp | 0.0205782 | 258 | 664 | 55 | 0.0366136 | 258 | 664 | 88 |  
j30_6_1.rcp | 0.0011089 | 7 | 479 | 0 | 0.0022337 | 7 | 479 | 3 |  
j30_6_2.rcp | 0.0014599 | 8 | 454 | 1 | 0.0022976 | 8 | 454 | 4 |  
j30_6_3.rcp | 0.0018932 | 10 | 403 | 1 | 0.0010725 | 10 | 403 | 3 |  
j30_6_4.rcp | 0.0358521 | 483 | 551 | 2 | 0.03517 | 483 | 551 | 15 |  
j30_6_5.rcp | 0.0019617 | 15 | 369 | 1 | 0.0012818 | 15 | 369 | 2 |  
j30_6_6.rcp | 0.0202137 | 308 | 404 | 1 | 0.0247636 | 308 | 404 | 6 |  
j30_6_7.rcp | 0.0156281 | 258 | 438 | 1 | 0.0138662 | 258 | 438 | 3 |  
j30_6_8.rcp | 0.0013957 | 9 | 327 | 1 | 7.754E-4 | 9 | 327 | 2 |  
j30_6_9.rcp | 0.0016522 | 16 | 363 | 0 | 0.0034377 | 16 | 363 | 1 |  
j30_6_10.rcp | 0.0051653 | 71 | 341 | 1 | 0.0042028 | 71 | 341 | 1 |  
j30_7_1.rcp | 6.253E-4 | 8 | 509 | 0 | 6.507E-4 | 8 | 509 | 1 |  
j30_7_2.rcp | 0.0026598 | 38 | 328 | 0 | 0.0028439 | 38 | 328 | 8 |  
j30_7_3.rcp | 6.121E-4 | 10 | 309 | 2 | 5.376E-4 | 10 | 309 | 3 |  
j30_7_4.rcp | 0.0012509 | 11 | 382 | 2 | 0.0010337 | 11 | 382 | 6 |  
j30_7_5.rcp | 0.0092162 | 142 | 326 | 0 | 0.0085416 | 142 | 326 | 0 |  
j30_7_6.rcp | 6.985E-4 | 10 | 378 | 0 | 7.669E-4 | 10 | 378 | 0 |  
j30_7_7.rcp | 0.001044 | 8 | 680 | 0 | 8.512E-4 | 8 | 680 | 1 |  
j30_7_8.rcp | 0.0147275 | 158 | 512 | 0 | 0.0142712 | 158 | 512 | 33 |  
j30_7_9.rcp | 6.685E-4 | 9 | 477 | 0 | 7.083E-4 | 9 | 477 | 0 |  
j30_7_10.rcp | 0.0019839 | 46 | 285 | 2 | 0.0019396 | 46 | 285 | 2 |  
j30_8_1.rcp | 6.671E-4 | 9 | 306 | 1 | 6.878E-4 | 9 | 306 | 1 |  
j30_8_2.rcp | 8.382E-4 | 9 | 455 | 0 | 6.978E-4 | 9 | 455 | 0 |  
j30_8_3.rcp | 6.016E-4 | 10 | 379 | 0 | 6.045E-4 | 10 | 379 | 0 |  
j30_8_4.rcp | 7.392E-4 | 11 | 334 | 1 | 9.694E-4 | 11 | 334 | 1 |  
j30_8_5.rcp | 7.642E-4 | 10 | 476 | 1 | 8.655E-4 | 10 | 476 | 1 |  
j30_8_6.rcp | 6.321E-4 | 10 | 651 | 0 | 7.498E-4 | 10 | 651 | 0 |  
j30_8_7.rcp | 6.298E-4 | 7 | 362 | 1 | 7.63E-4 | 7 | 362 | 1 |  
j30_8_8.rcp | 7.279E-4 | 11 | 478 | 0 | 9.137E-4 | 11 | 478 | 0 |  
j30_8_9.rcp | 6.482E-4 | 10 | 379 | 0 | 6.221E-4 | 10 | 379 | 0 |  
j30_8_10.rcp | 7.519E-4 | 10 | 759 | 0 | 0.0010727 | 10 | 759 | 0 |  
j30_9_1.rcp | 300.0001 | 1371531 | -1 | 1985202 | 300.00037 | 1380169 | -1 | 2086498 |  
j30_9_2.rcp | 62.23751 | 303808 | 652 | 652819 | 88.48286 | 303808 | 652 | 755042 |  
j30_9_3.rcp | 300.00027 | 1786735 | -1 | 691329 | 300.00034 | 664051 | -1 | 294215 |  
j30_9_4.rcp | 300.0004 | 696974 | -1 | 677394 | 300.00098 | 573750 | -1 | 677807 |  
j30_9_5.rcp | 300.0004 | 1371862 | -1 | 179420 | 300.0001 | 2736733 | -1 | 408248 |  
j30_9_6.rcp | 0.0025234 | 10 | 626 | 6 | 0.0030069 | 10 | 626 | 13 |  
j30_9_7.rcp | 0.0034422 | 16 | 607 | 12 | 0.0048705 | 16 | 607 | 17 |  
j30_9_8.rcp | 0.0179009 | 140 | 435 | 97 | 0.0224811 | 140 | 435 | 109 |  
j30_9_9.rcp | 300.00064 | 2085674 | -1 | 1269241 | 300.00015 | 1895252 | -1 | 1352824 |  
j30_9_10.rcp | 0.0092024 | 22 | 674 | 23 | 0.0091016 | 22 | 674 | 28 |  
j30_10_1.rcp | 0.0012024 | 11 | 408 | 0 | 0.0014734 | 11 | 408 | 2 |  
j30_10_2.rcp | 0.0010986 | 9 | 480 | 0 | 0.0015425 | 9 | 480 | 4 |  
j30_10_3.rcp | 0.0011112 | 8 | 509 | 0 | 8.037E-4 | 8 | 509 | 0 |  
j30_10_4.rcp | 0.0012886 | 10 | 461 | 2 | 0.0010263 | 10 | 461 | 9 |  
j30_10_5.rcp | 0.0089262 | 108 | 308 | 0 | 0.0077704 | 108 | 308 | 1 |  
j30_10_6.rcp | 0.0012804 | 10 | 462 | 1 | 0.0011198 | 10 | 462 | 3 |  
j30_10_7.rcp | 0.0013835 | 10 | 562 | 3 | 0.0016957 | 10 | 562 | 5 |  
j30_10_8.rcp | 0.0013651 | 9 | 330 | 1 | 0.0015706 | 9 | 330 | 4 |  
j30_10_9.rcp | 3.6962638 | 43079 | 335 | 0 | 3.2632113 | 43079 | 335 | 35811 |  
j30_10_10.rcp | 0.002455 | 10 | 426 | 0 | 0.0010558 | 10 | 426 | 0 |  
j30_11_1.rcp | 8.315E-4 | 7 | 631 | 0 | 8.181E-4 | 7 | 631 | 2 |  
j30_11_2.rcp | 0.0303822 | 243 | 380 | 0 | 0.0266996 | 243 | 380 | 0 |  
j30_11_3.rcp | 0.0014466 | 8 | 588 | 0 | 9.316E-4 | 8 | 588 | 4 |  
j30_11_4.rcp | 9.514E-4 | 9 | 613 | 0 | 0.0010198 | 9 | 613 | 2 |  
j30_11_5.rcp | 0.0013351 | 11 | 461 | 1 | 0.002041 | 11 | 461 | 4 |  
j30_11_6.rcp | 0.001112 | 9 | 382 | 0 | 0.0010756 | 9 | 382 | 1 |  
j30_11_7.rcp | 8.03E-4 | 9 | 427 | 0 | 8.227E-4 | 9 | 427 | 0 |  
j30_11_8.rcp | 300.00006 | 3381074 | -1 | 1037641 | 300.0001 | 2996928 | -1 | 2118823 |  
j30_11_9.rcp | 6.835E-4 | 8 | 508 | 0 | 5.902E-4 | 8 | 508 | 0 |  
j30_11_10.rcp | 0.0013759 | 9 | 438 | 1 | 9.616E-4 | 9 | 438 | 4 |  
j30_12_1.rcp | 9.643E-4 | 11 | 416 | 0 | 0.0013168 | 11 | 416 | 1 |  
j30_12_2.rcp | 7.187E-4 | 10 | 340 | 0 | 7.057E-4 | 10 | 340 | 0 |  
j30_12_3.rcp | 8.444E-4 | 10 | 305 | 0 | 6.948E-4 | 10 | 305 | 0 |  
j30_12_4.rcp | 6.89E-4 | 10 | 505 | 0 | 7.584E-4 | 10 | 505 | 0 |  
j30_12_5.rcp | 8.711E-4 | 12 | 276 | 0 | 8.238E-4 | 12 | 276 | 0 |  
j30_12_6.rcp | 0.0012974 | 11 | 270 | 0 | 0.0015373 | 11 | 270 | 3 |  
j30_12_7.rcp | 0.001097 | 10 | 266 | 0 | 9.863E-4 | 10 | 266 | 0 |  
j30_12_8.rcp | 0.0011833 | 10 | 258 | 0 | 7.847E-4 | 10 | 258 | 0 |  
j30_12_9.rcp | 8.334E-4 | 10 | 305 | 0 | 7.441E-4 | 10 | 305 | 1 |  
j30_12_10.rcp | 8.963E-4 | 11 | 334 | 0 | 7.941E-4 | 11 | 334 | 0 |  
j30_13_1.rcp | 300.00018 | 1509035 | -1 | 1369366 | 300.0003 | 1272682 | -1 | 1700431 |  
j30_13_2.rcp | 300.00012 | 1682833 | -1 | 782213 | 300.00012 | 1472852 | -1 | 1274934 |  
j30_13_3.rcp | 300.00046 | 1151318 | -1 | 1003262 | 300.00064 | 1109277 | -1 | 975088 |  
j30_13_4.rcp | 300.0001 | 860156 | -1 | 1411933 | 300.00003 | 729045 | -1 | 1198582 |  
j30_13_5.rcp | 0.0050984 | 11 | 606 | 5 | 0.0045475 | 11 | 606 | 10 |  
j30_13_6.rcp | 300.0003 | 1974702 | -1 | 1054936 | 300.00015 | 321156 | -1 | 1085790 |  
j30_13_7.rcp | 300.00012 | 935617 | -1 | 831142 | 300.00052 | 824279 | -1 | 846665 |  
j30_13_8.rcp | 300.00006 | 1513417 | -1 | 1748090 | 300.00006 | 1659978 | -1 | 1767471 |  
j30_13_9.rcp | 31.494211 | 164439 | 484 | 60582 | 33.964714 | 164439 | 484 | 60600 |  
j30_13_10.rcp | 300.00003 | 1256349 | -1 | 629067 | 300.00055 | 1102286 | -1 | 705983 |  
j30_14_1.rcp | 0.0038317 | 9 | 252 | 0 | 0.0017399 | 9 | 252 | 6 |  
j30_14_2.rcp | 300.00006 | 1629240 | -1 | 678294 | 300.00012 | 1768614 | -1 | 751469 |  
j30_14_3.rcp | 0.0016108 | 8 | 392 | 1 | 0.0013815 | 8 | 392 | 3 |  
j30_14_4.rcp | 0.0040374 | 23 | 313 | 0 | 0.0051354 | 23 | 313 | 9 |  
j30_14_5.rcp | 0.0017392 | 10 | 410 | 0 | 0.0020408 | 10 | 410 | 5 |  
j30_14_6.rcp | 0.0015044 | 8 | 284 | 1 | 0.0013004 | 8 | 284 | 1 |  
j30_14_7.rcp | 0.0028619 | 12 | 386 | 5 | 0.0021921 | 12 | 386 | 11 |  
j30_14_8.rcp | 0.0012982 | 9 | 532 | 1 | 0.0018565 | 9 | 532 | 2 |  
j30_14_9.rcp | 0.0019176 | 10 | 433 | 2 | 0.0018759 | 10 | 433 | 9 |  
j30_14_10.rcp | 0.0080716 | 57 | 265 | 4 | 0.0125909 | 57 | 265 | 7 |  
j30_15_1.rcp | 0.0145279 | 95 | 338 | 0 | 0.0138212 | 95 | 338 | 0 |  
j30_15_2.rcp | 0.0010649 | 9 | 481 | 0 | 0.0013117 | 9 | 481 | 0 |  
j30_15_3.rcp | 0.0018019 | 10 | 260 | 0 | 0.001775 | 10 | 260 | 2 |  
j30_15_4.rcp | 0.0012249 | 10 | 253 | 0 | 0.0010109 | 10 | 253 | 0 |  
j30_15_5.rcp | 0.0015609 | 9 | 588 | 5 | 0.0014062 | 9 | 588 | 6 |  
j30_15_6.rcp | 0.0011955 | 9 | 679 | 0 | 0.0010085 | 9 | 679 | 1 |  
j30_15_7.rcp | 0.0042229 | 22 | 302 | 1 | 0.0028256 | 22 | 302 | 2 |  
j30_15_8.rcp | 0.0013352 | 10 | 576 | 1 | 0.0012353 | 10 | 576 | 2 |  
j30_15_9.rcp | 0.0107808 | 99 | 333 | 1 | 0.0106144 | 99 | 333 | 1 |  
j30_15_10.rcp | 0.0012214 | 8 | 523 | 0 | 9.525E-4 | 8 | 523 | 0 |  
j30_16_1.rcp | 0.0019217 | 11 | 318 | 1 | 0.0016348 | 11 | 318 | 1 |  
j30_16_2.rcp | 0.0012795 | 10 | 510 | 0 | 0.0010417 | 10 | 510 | 0 |  
j30_16_3.rcp | 9.449E-4 | 10 | 255 | 0 | 9.468E-4 | 10 | 255 | 0 |  
j30_16_4.rcp | 0.0011144 | 10 | 304 | 0 | 0.0012036 | 10 | 304 | 0 |  
j30_16_5.rcp | 0.0012636 | 10 | 287 | 0 | 0.0012567 | 10 | 287 | 0 |  
j30_16_6.rcp | 0.0014395 | 10 | 382 | 0 | 0.0012041 | 10 | 382 | 0 |  
j30_16_7.rcp | 0.0013638 | 10 | 428 | 0 | 0.0011767 | 10 | 428 | 0 |  
j30_16_8.rcp | 0.001497 | 11 | 326 | 0 | 0.0012905 | 11 | 326 | 1 |  
j30_16_9.rcp | 0.0011009 | 8 | 484 | 0 | 0.0011154 | 8 | 484 | 0 |  
j30_16_10.rcp | 0.0017411 | 9 | 381 | 0 | 0.001152 | 9 | 381 | 0 |  
j30_17_1.rcp | 3.74E-4 | 11 | 680 | 2 | 5.543E-4 | 11 | 680 | 6 |  
j30_17_2.rcp | 3.005E-4 | 10 | 589 | 2 | 4.196E-4 | 10 | 589 | 4 |  
j30_17_3.rcp | 2.624E-4 | 10 | 492 | 1 | 2.584E-4 | 10 | 492 | 1 |  
j30_17_4.rcp | 5.095E-4 | 25 | 481 | 2 | 8.009E-4 | 25 | 481 | 3 |  
j30_17_5.rcp | 2.885E-4 | 9 | 409 | 3 | 4.548E-4 | 9 | 409 | 6 |  
j30_17_6.rcp | 3.434E-4 | 9 | 489 | 2 | 3.537E-4 | 9 | 489 | 3 |  
j30_17_7.rcp | 0.0018238 | 30 | 486 | 2 | 0.0022045 | 30 | 486 | 15 |  
j30_17_8.rcp | 0.0036052 | 110 | 390 | 22 | 0.004815 | 110 | 390 | 32 |  
j30_17_9.rcp | 0.0016505 | 70 | 347 | 1 | 0.0018079 | 70 | 347 | 2 |  
j30_17_10.rcp | 3.497E-4 | 9 | 409 | 3 | 5.341E-4 | 9 | 409 | 4 |  
j30_18_1.rcp | 2.656E-4 | 9 | 233 | 2 | 3.083E-4 | 9 | 233 | 2 |  
j30_18_2.rcp | 5.127E-4 | 9 | 407 | 1 | 2.934E-4 | 9 | 407 | 2 |  
j30_18_3.rcp | 2.452E-4 | 9 | 432 | 2 | 2.274E-4 | 9 | 432 | 2 |  
j30_18_4.rcp | 5.664E-4 | 20 | 561 | 5 | 5.863E-4 | 20 | 561 | 11 |  
j30_18_5.rcp | 2.44E-4 | 9 | 504 | 0 | 2.451E-4 | 9 | 504 | 0 |  
j30_18_6.rcp | 2.126E-4 | 9 | 427 | 0 | 2.235E-4 | 9 | 427 | 0 |  
j30_18_7.rcp | 3.234E-4 | 9 | 333 | 0 | 6.296E-4 | 9 | 333 | 4 |  
j30_18_8.rcp | 2.467E-4 | 10 | 310 | 0 | 2.114E-4 | 10 | 310 | 0 |  
j30_18_9.rcp | 0.0023125 | 92 | 385 | 11 | 0.0027528 | 92 | 385 | 4 |  
j30_18_10.rcp | 9.304E-4 | 20 | 434 | 0 | 0.0013175 | 20 | 434 | 11 |  
j30_19_1.rcp | 2.218E-4 | 10 | 281 | 1 | 2.723E-4 | 10 | 281 | 2 |  
j30_19_2.rcp | 2.586E-4 | 10 | 606 | 0 | 2.689E-4 | 10 | 606 | 1 |  
j30_19_3.rcp | 8.033E-4 | 23 | 688 | 1 | 0.0010824 | 23 | 688 | 9 |  
j30_19_4.rcp | 2.711E-4 | 8 | 479 | 1 | 2.332E-4 | 8 | 479 | 1 |  
j30_19_5.rcp | 2.729E-4 | 8 | 310 | 1 | 4.912E-4 | 8 | 310 | 2 |  
j30_19_6.rcp | 2.501E-4 | 10 | 313 | 0 | 4.078E-4 | 10 | 313 | 1 |  
j30_19_7.rcp | 2.327E-4 | 9 | 368 | 1 | 2.58E-4 | 9 | 368 | 3 |  
j30_19_8.rcp | 2.097E-4 | 10 | 630 | 0 | 2.197E-4 | 10 | 630 | 1 |  
j30_19_9.rcp | 2.68E-4 | 10 | 340 | 1 | 3.269E-4 | 10 | 340 | 2 |  
j30_19_10.rcp | 2.407E-4 | 7 | 532 | 0 | 2.825E-4 | 7 | 532 | 1 |  
j30_20_1.rcp | 2.514E-4 | 10 | 382 | 0 | 2.769E-4 | 10 | 382 | 0 |  
j30_20_2.rcp | 2.719E-4 | 10 | 475 | 4 | 3.17E-4 | 10 | 475 | 4 |  
j30_20_3.rcp | 2.777E-4 | 11 | 503 | 0 | 2.411E-4 | 11 | 503 | 0 |  
j30_20_4.rcp | 2.223E-4 | 10 | 409 | 1 | 2.358E-4 | 10 | 409 | 1 |  
j30_20_5.rcp | 0.0021462 | 78 | 252 | 11 | 0.0061557 | 78 | 252 | 12 |  
j30_20_6.rcp | 2.507E-4 | 9 | 311 | 1 | 2.459E-4 | 9 | 311 | 1 |  
j30_20_7.rcp | 2.0E-4 | 8 | 453 | 0 | 2.35E-4 | 8 | 453 | 0 |  
j30_20_8.rcp | 2.428E-4 | 8 | 559 | 0 | 2.494E-4 | 8 | 559 | 0 |  
j30_20_9.rcp | 2.236E-4 | 10 | 286 | 0 | 2.969E-4 | 10 | 286 | 0 |  
j30_20_10.rcp | 2.558E-4 | 10 | 403 | 0 | 2.674E-4 | 10 | 403 | 0 |  
j30_21_1.rcp | 300.00006 | 2666371 | -1 | 4260422 | 300.00006 | 2620848 | -1 | 4130243 |  
j30_21_2.rcp | 0.0042135 | 30 | 284 | 28 | 0.0034629 | 30 | 284 | 29 |  
j30_21_3.rcp | 0.0447144 | 558 | 762 | 153 | 0.0600436 | 558 | 762 | 162 |  
j30_21_4.rcp | 0.0065293 | 59 | 385 | 24 | 0.0100265 | 59 | 385 | 55 |  
j30_21_5.rcp | 0.0041947 | 46 | 636 | 8 | 0.0086284 | 46 | 636 | 43 |  
j30_21_6.rcp | 0.0025441 | 30 | 370 | 24 | 0.0045341 | 30 | 370 | 47 |  
j30_21_7.rcp | 0.0569761 | 949 | 586 | 347 | 0.0566469 | 949 | 586 | 318 |  
j30_21_8.rcp | 300.00015 | 2642343 | -1 | 4899825 | 300.00024 | 2274079 | -1 | 4348419 |  
j30_21_9.rcp | 300.00003 | 6945641 | -1 | 6950919 | 300.00034 | 6065607 | -1 | 5498291 |  
j30_21_10.rcp | 300.00003 | 3484358 | -1 | 3377147 | 300.00012 | 2605569 | -1 | 3422500 |  
j30_22_1.rcp | 0.0838991 | 8 | 352 | 1 | 8.372E-4 | 8 | 352 | 1 |  
j30_22_2.rcp | 5.818E-4 | 11 | 309 | 0 | 5.393E-4 | 11 | 309 | 0 |  
j30_22_3.rcp | 5.32E-4 | 11 | 635 | 0 | 5.094E-4 | 11 | 635 | 0 |  
j30_22_4.rcp | 5.651E-4 | 9 | 328 | 0 | 0.0035206 | 9 | 328 | 2 |  
j30_22_5.rcp | 0.0010795 | 20 | 320 | 2 | 0.0010402 | 20 | 320 | 3 |  
j30_22_6.rcp | 7.638E-4 | 9 | 507 | 2 | 7.353E-4 | 9 | 507 | 4 |  
j30_22_7.rcp | 0.0010979 | 10 | 334 | 2 | 8.57E-4 | 10 | 334 | 5 |  
j30_22_8.rcp | 0.0011607 | 9 | 460 | 2 | 6.286E-4 | 9 | 460 | 2 |  
j30_22_9.rcp | 8.383E-4 | 10 | 495 | 3 | 6.678E-4 | 10 | 495 | 4 |  
j30_22_10.rcp | 6.455E-4 | 9 | 409 | 1 | 0.0050884 | 9 | 409 | 2 |  
j30_23_1.rcp | 7.267E-4 | 9 | 544 | 0 | 7.793E-4 | 9 | 544 | 1 |  
j30_23_2.rcp | 6.126E-4 | 9 | 503 | 0 | 5.265E-4 | 9 | 503 | 0 |  
j30_23_3.rcp | 8.243E-4 | 10 | 385 | 1 | 8.44E-4 | 10 | 385 | 1 |  
j30_23_4.rcp | 0.0046054 | 64 | 461 | 24 | 0.0065193 | 64 | 461 | 44 |  
j30_23_5.rcp | 7.789E-4 | 10 | 363 | 4 | 9.046E-4 | 10 | 363 | 4 |  
j30_23_6.rcp | 7.832E-4 | 10 | 302 | 0 | 6.73E-4 | 10 | 302 | 0 |  
j30_23_7.rcp | 0.0012226 | 9 | 535 | 0 | 0.0020076 | 9 | 535 | 6 |  
j30_23_8.rcp | 3.999E-4 | 8 | 384 | 0 | 3.634E-4 | 8 | 384 | 0 |  
j30_23_9.rcp | 0.0160767 | 305 | 477 | 9 | 0.0208788 | 305 | 477 | 12 |  
j30_23_10.rcp | 7.561E-4 | 10 | 518 | 1 | 7.099E-4 | 10 | 518 | 2 |  
j30_24_1.rcp | 5.095E-4 | 9 | 432 | 0 | 6.743E-4 | 9 | 432 | 0 |  
j30_24_2.rcp | 0.0054987 | 136 | 278 | 0 | 0.0064668 | 136 | 278 | 0 |  
j30_24_3.rcp | 0.0426069 | 508 | 458 | 47 | 0.0439732 | 508 | 458 | 48 |  
j30_24_4.rcp | 6.19E-4 | 10 | 411 | 0 | 6.236E-4 | 10 | 411 | 0 |  
j30_24_5.rcp | 5.556E-4 | 8 | 613 | 1 | 5.733E-4 | 8 | 613 | 1 |  
j30_24_6.rcp | 6.875E-4 | 8 | 465 | 0 | 5.01E-4 | 8 | 465 | 0 |  
j30_24_7.rcp | 6.719E-4 | 10 | 511 | 1 | 6.165E-4 | 10 | 511 | 1 |  
j30_24_8.rcp | 9.574E-4 | 10 | 309 | 0 | 6.447E-4 | 10 | 309 | 0 |  
j30_24_9.rcp | 5.158E-4 | 11 | 508 | 0 | 5.783E-4 | 11 | 508 | 0 |  
j30_24_10.rcp | 5.746E-4 | 9 | 405 | 0 | 5.561E-4 | 9 | 405 | 0 |  
j30_25_1.rcp | 300.0001 | 2515306 | -1 | 1588281 | 300.00006 | 2337085 | -1 | 1772513 |  
j30_25_2.rcp | 300.00006 | 2068815 | -1 | 2562887 | 300.00006 | 1882079 | -1 | 2546730 |  
j30_25_3.rcp | 300.00003 | 3047928 | -1 | 580193 | 300.00003 | 2810592 | -1 | 1106888 |  
j30_25_4.rcp | 45.874893 | 289472 | 574 | 317807 | 53.527313 | 289472 | 574 | 325145 |  
j30_25_5.rcp | 300.00003 | 2237777 | -1 | 1922611 | 300.00015 | 2109570 | -1 | 1543282 |  
j30_25_6.rcp | 300.00006 | 1881105 | -1 | 1551137 | 300.00015 | 1674882 | -1 | 1435922 |  
j30_25_7.rcp | 300.0002 | 1606907 | -1 | 3170240 | 300.00012 | 457369 | -1 | 994001 |  
j30_25_8.rcp | 300.00006 | 2246441 | -1 | 4159172 | 300.0001 | 1363576 | -1 | 2183876 |  
j30_25_9.rcp | 300.00003 | 2435145 | -1 | 138118 | 300.0004 | 2156766 | -1 | 234166 |  
j30_25_10.rcp | 0.36222818 | 3703 | 407 | 3661 | 0.39714462 | 3703 | 407 | 3672 |  
j30_26_1.rcp | 0.0046196 | 41 | 413 | 37 | 0.0067809 | 41 | 413 | 41 |  
j30_26_2.rcp | 8.79E-4 | 9 | 353 | 0 | 8.143E-4 | 9 | 353 | 4 |  
j30_26_3.rcp | 0.0012911 | 8 | 738 | 1 | 0.0015832 | 8 | 738 | 5 |  
j30_26_4.rcp | 0.0011632 | 9 | 421 | 1 | 0.0011236 | 9 | 421 | 3 |  
j30_26_5.rcp | 0.0145941 | 193 | 436 | 2 | 0.0160243 | 193 | 436 | 7 |  
j30_26_6.rcp | 0.0124103 | 80 | 436 | 32 | 0.0138224 | 80 | 436 | 64 |  
j30_26_7.rcp | 0.0013794 | 8 | 464 | 1 | 0.0011705 | 8 | 464 | 1 |  
j30_26_8.rcp | 0.39960372 | 3250 | 216 | 1343 | 0.4024875 | 3250 | 216 | 1534 |  
j30_26_9.rcp | 0.0107472 | 64 | 387 | 2 | 0.0082225 | 64 | 387 | 4 |  
j30_26_10.rcp | 300.00015 | 2553091 | -1 | 107424 | 300.00006 | 2534516 | -1 | 106934 |  
j30_27_1.rcp | 0.0014719 | 9 | 354 | 4 | 0.0022762 | 9 | 354 | 5 |  
j30_27_2.rcp | 7.213E-4 | 8 | 615 | 0 | 6.561E-4 | 8 | 615 | 0 |  
j30_27_3.rcp | 0.0011947 | 9 | 276 | 0 | 0.0011391 | 9 | 276 | 1 |  
j30_27_4.rcp | 240.09886 | 2223518 | 277 | 1 | 263.484 | 2223518 | 277 | 118852 |  
j30_27_5.rcp | 0.0010001 | 10 | 459 | 0 | 8.323E-4 | 10 | 459 | 2 |  
j30_27_6.rcp | 8.657E-4 | 8 | 505 | 1 | 8.412E-4 | 8 | 505 | 2 |  
j30_27_7.rcp | 0.001068 | 10 | 360 | 0 | 9.627E-4 | 10 | 360 | 0 |  
j30_27_8.rcp | 0.0016779 | 11 | 412 | 4 | 0.0024115 | 11 | 412 | 9 |  
j30_27_9.rcp | 9.095E-4 | 8 | 417 | 0 | 8.401E-4 | 8 | 417 | 2 |  
j30_27_10.rcp | 0.0011461 | 10 | 361 | 0 | 0.0011637 | 10 | 361 | 2 |  
j30_28_1.rcp | 0.0010842 | 8 | 347 | 0 | 0.0010172 | 8 | 347 | 0 |  
j30_28_2.rcp | 0.0124546 | 102 | 371 | 0 | 0.0059765 | 102 | 371 | 1 |  
j30_28_3.rcp | 0.0012284 | 10 | 402 | 0 | 0.0010499 | 10 | 402 | 0 |  
j30_28_4.rcp | 9.257E-4 | 11 | 314 | 0 | 8.407E-4 | 11 | 314 | 1 |  
j30_28_5.rcp | 7.805E-4 | 8 | 439 | 0 | 7.315E-4 | 8 | 439 | 0 |  
j30_28_6.rcp | 7.809E-4 | 10 | 446 | 0 | 7.622E-4 | 10 | 446 | 0 |  
j30_28_7.rcp | 7.728E-4 | 9 | 311 | 0 | 7.402E-4 | 9 | 311 | 0 |  
j30_28_8.rcp | 8.079E-4 | 10 | 727 | 0 | 8.186E-4 | 10 | 727 | 0 |  
j30_28_9.rcp | 8.949E-4 | 9 | 532 | 1 | 8.017E-4 | 9 | 532 | 1 |  
j30_28_10.rcp | 8.069E-4 | 9 | 533 | 0 | 7.37E-4 | 9 | 533 | 0 |  
j30_29_1.rcp | 300.0003 | 1735685 | -1 | 812007 | 300.0001 | 1063109 | -1 | 1487912 |  
j30_29_2.rcp | 0.0294037 | 80 | 620 | 29 | 0.0346699 | 80 | 620 | 66 |  
j30_29_3.rcp | 300.00064 | 1196232 | -1 | 896484 | 300.0006 | 973980 | -1 | 1130340 |  
j30_29_4.rcp | 300.00024 | 1103313 | -1 | 771509 | 300.0003 | 986765 | -1 | 763851 |  
j30_29_5.rcp | 300.00006 | 2187004 | -1 | 1362592 | 300.00012 | 1784026 | -1 | 537276 |  
j30_29_6.rcp | 300.00006 | 2135467 | -1 | 904984 | 300.00006 | 2879680 | -1 | 1325362 |  
j30_29_7.rcp | 0.0021654 | 10 | 487 | 7 | 0.0020392 | 10 | 487 | 12 |  
j30_29_8.rcp | 300.00012 | 1476427 | -1 | 616152 | 300.00018 | 1269425 | -1 | 814601 |  
j30_29_9.rcp | 300.00015 | 978408 | -1 | 1987890 | 300.00204 | 726957 | -1 | 1503566 |  
j30_29_10.rcp | 0.030276 | 172 | 376 | 7 | 0.0394555 | 172 | 376 | 21 |  
j30_30_1.rcp | 0.0022706 | 9 | 260 | 2 | 0.0018222 | 9 | 260 | 2 |  
j30_30_2.rcp | 0.0071795 | 51 | 535 | 16 | 0.006703 | 51 | 535 | 22 |  
j30_30_3.rcp | 0.0035371 | 20 | 431 | 1 | 0.0032793 | 20 | 431 | 2 |  
j30_30_4.rcp | 0.0197261 | 147 | 331 | 1 | 0.0183058 | 147 | 331 | 2 |  
j30_30_5.rcp | 0.0013546 | 8 | 384 | 2 | 0.001503 | 8 | 384 | 3 |  
j30_30_6.rcp | 0.0258462 | 163 | 376 | 10 | 0.0299808 | 163 | 376 | 44 |  
j30_30_7.rcp | 0.0019118 | 9 | 615 | 1 | 0.0026674 | 9 | 615 | 4 |  
j30_30_8.rcp | 0.0092533 | 58 | 301 | 0 | 0.0099835 | 58 | 301 | 1 |  
j30_30_9.rcp | 0.0014394 | 9 | 377 | 0 | 0.0011619 | 9 | 377 | 1 |  
j30_30_10.rcp | 0.0013903 | 9 | 708 | 1 | 0.0012469 | 9 | 708 | 3 |  
j30_31_1.rcp | 0.0015877 | 9 | 357 | 1 | 0.0011874 | 9 | 357 | 2 |  
j30_31_2.rcp | 0.0014507 | 10 | 301 | 0 | 0.0013826 | 10 | 301 | 4 |  
j30_31_3.rcp | 0.0017178 | 10 | 460 | 1 | 0.0015285 | 10 | 460 | 1 |  
j30_31_4.rcp | 0.0012267 | 8 | 242 | 0 | 0.0010221 | 8 | 242 | 0 |  
j30_31_5.rcp | 0.051653 | 435 | 334 | 17 | 0.0570699 | 435 | 334 | 53 |  
j30_31_6.rcp | 0.0316669 | 255 | 428 | 0 | 0.0311816 | 255 | 428 | 0 |  
j30_31_7.rcp | 0.0016033 | 7 | 785 | 1 | 0.0011595 | 7 | 785 | 2 |  
j30_31_8.rcp | 0.0019209 | 9 | 546 | 1 | 0.0014459 | 9 | 546 | 6 |  
j30_31_9.rcp | 0.0014602 | 10 | 415 | 0 | 0.001251 | 10 | 415 | 4 |  
j30_31_10.rcp | 0.0014388 | 9 | 427 | 0 | 0.0014175 | 9 | 427 | 2 |  
j30_32_1.rcp | 0.0017138 | 10 | 434 | 0 | 0.0012668 | 10 | 434 | 2 |  
j30_32_2.rcp | 0.0011158 | 9 | 710 | 0 | 9.659E-4 | 9 | 710 | 0 |  
j30_32_3.rcp | 0.001411 | 11 | 260 | 0 | 0.0013045 | 11 | 260 | 0 |  
j30_32_4.rcp | 0.0015451 | 10 | 670 | 0 | 0.0011696 | 10 | 670 | 1 |  
j30_32_5.rcp | 0.0016243 | 11 | 486 | 0 | 0.0013536 | 11 | 486 | 0 |  
j30_32_6.rcp | 0.001373 | 10 | 216 | 0 | 0.0011433 | 10 | 216 | 0 |  
j30_32_7.rcp | 0.0011565 | 10 | 278 | 0 | 0.0010913 | 10 | 278 | 0 |  
j30_32_8.rcp | 0.0015252 | 10 | 360 | 0 | 0.0011586 | 10 | 360 | 0 |  
j30_32_9.rcp | 0.001225 | 10 | 541 | 0 | 0.00111 | 10 | 541 | 0 |  
j30_32_10.rcp | 0.0010542 | 9 | 465 | 0 | 9.814E-4 | 9 | 465 | 0 |  
j30_33_1.rcp | 0.0042738 | 110 | 514 | 59 | 0.0047329 | 110 | 514 | 61 |  
j30_33_2.rcp | 0.0024048 | 88 | 493 | 12 | 0.0028885 | 88 | 493 | 13 |  
j30_33_3.rcp | 0.0053652 | 255 | 505 | 53 | 0.0047037 | 255 | 505 | 38 |  
j30_33_4.rcp | 300.00003 | 47820787 | -1 | 21788660 | 300.00006 | 37770841 | -1 | 18855995 |  
j30_33_5.rcp | 0.001145 | 58 | 329 | 4 | 0.0010691 | 58 | 329 | 4 |  
j30_33_6.rcp | 300.00003 | 51535296 | -1 | 2240 | 300.00003 | 48390283 | -1 | 2720 |  
j30_33_7.rcp | 9.258E-4 | 26 | 497 | 0 | 0.0012948 | 26 | 497 | 3 |  
j30_33_8.rcp | 0.0331633 | 259 | 386 | 4 | 0.0086427 | 259 | 386 | 2 |  
j30_33_9.rcp | 2.6855097 | 120056 | 370 | 69435 | 2.4345126 | 120056 | 370 | 39483 |  
j30_33_10.rcp | 2.349E-4 | 9 | 357 | 1 | 2.327E-4 | 9 | 357 | 2 |  
j30_34_1.rcp | 5.018E-4 | 24 | 467 | 5 | 5.855E-4 | 24 | 467 | 6 |  
j30_34_2.rcp | 2.591E-4 | 9 | 278 | 1 | 2.708E-4 | 9 | 278 | 3 |  
j30_34_3.rcp | 2.211E-4 | 9 | 493 | 4 | 2.225E-4 | 9 | 493 | 4 |  
j30_34_4.rcp | 4.598E-4 | 12 | 463 | 5 | 6.29E-4 | 12 | 463 | 6 |  
j30_34_5.rcp | 1.998E-4 | 9 | 513 | 1 | 1.986E-4 | 9 | 513 | 1 |  
j30_34_6.rcp | 1.987E-4 | 9 | 493 | 2 | 2.726E-4 | 9 | 493 | 3 |  
j30_34_7.rcp | 4.339E-4 | 10 | 344 | 2 | 5.407E-4 | 10 | 344 | 3 |  
j30_34_8.rcp | 2.299E-4 | 8 | 403 | 0 | 2.042E-4 | 8 | 403 | 0 |  
j30_34_9.rcp | 0.0013114 | 40 | 261 | 32 | 0.0013992 | 40 | 261 | 36 |  
j30_34_10.rcp | 2.558E-4 | 9 | 416 | 1 | 2.906E-4 | 9 | 416 | 1 |  
j30_35_1.rcp | 2.471E-4 | 9 | 264 | 1 | 2.448E-4 | 9 | 264 | 1 |  
j30_35_2.rcp | 0.0013133 | 53 | 504 | 0 | 0.0013517 | 53 | 504 | 0 |  
j30_35_3.rcp | 2.412E-4 | 9 | 589 | 0 | 3.096E-4 | 9 | 589 | 2 |  
j30_35_4.rcp | 2.072E-4 | 8 | 255 | 0 | 2.17E-4 | 8 | 255 | 2 |  
j30_35_5.rcp | 2.175E-4 | 10 | 556 | 0 | 2.456E-4 | 10 | 556 | 1 |  
j30_35_6.rcp | 1.891E-4 | 10 | 284 | 1 | 2.269E-4 | 10 | 284 | 2 |  
j30_35_7.rcp | 0.0081632 | 509 | 438 | 1 | 0.0075041 | 509 | 438 | 1 |  
j30_35_8.rcp | 4.642E-4 | 12 | 683 | 0 | 4.822E-4 | 12 | 683 | 0 |  
j30_35_9.rcp | 1.936E-4 | 9 | 502 | 1 | 1.913E-4 | 9 | 502 | 1 |  
j30_35_10.rcp | 1.567E-4 | 9 | 430 | 0 | 1.573E-4 | 9 | 430 | 0 |  
j30_36_1.rcp | 2.17E-4 | 11 | 509 | 1 | 2.184E-4 | 11 | 509 | 1 |  
j30_36_2.rcp | 1.92E-4 | 9 | 403 | 0 | 2.036E-4 | 9 | 403 | 0 |  
j30_36_3.rcp | 2.034E-4 | 9 | 710 | 0 | 1.962E-4 | 9 | 710 | 0 |  
j30_36_4.rcp | 1.585E-4 | 9 | 438 | 0 | 1.591E-4 | 9 | 438 | 0 |  
j30_36_5.rcp | 2.376E-4 | 9 | 436 | 0 | 2.233E-4 | 9 | 436 | 0 |  
j30_36_6.rcp | 1.981E-4 | 9 | 458 | 2 | 2.379E-4 | 9 | 458 | 2 |  
j30_36_7.rcp | 1.901E-4 | 9 | 290 | 0 | 1.974E-4 | 9 | 290 | 0 |  
j30_36_8.rcp | 2.488E-4 | 12 | 435 | 2 | 2.807E-4 | 12 | 435 | 3 |  
j30_36_9.rcp | 2.08E-4 | 9 | 560 | 0 | 2.05E-4 | 9 | 560 | 0 |  
j30_36_10.rcp | 2.335E-4 | 9 | 410 | 4 | 2.752E-4 | 9 | 410 | 5 |  
j30_37_1.rcp | 300.00012 | 4321739 | -1 | 7411606 | 300.00015 | 3093467 | -1 | 7186961 |  
j30_37_2.rcp | 0.0014086 | 9 | 243 | 7 | 0.0016605 | 9 | 243 | 9 |  
j30_37_3.rcp | 0.0367954 | 367 | 742 | 35 | 0.0469555 | 367 | 742 | 371 |  
j30_37_4.rcp | 0.0074924 | 188 | 507 | 23 | 0.0093554 | 188 | 507 | 43 |  
j30_37_5.rcp | 300.00003 | 6573477 | -1 | 3518285 | 300.00006 | 6500963 | -1 | 3560451 |  
j30_37_6.rcp | 300.00006 | 4270432 | -1 | 3174484 | 300.00003 | 4215439 | -1 | 2851374 |  
j30_37_7.rcp | 300.00018 | 2581635 | -1 | 2142738 | 300.0002 | 3695743 | -1 | 37534 |  
j30_37_8.rcp | 300.00012 | 4268901 | -1 | 1369155 | 300.00027 | 4106140 | -1 | 2689754 |  
j30_37_9.rcp | 0.025811 | 309 | 736 | 51 | 0.0330416 | 309 | 736 | 116 |  
j30_37_10.rcp | 0.0044076 | 46 | 609 | 43 | 0.0068274 | 46 | 609 | 63 |  
j30_38_1.rcp | 0.0018973 | 18 | 301 | 0 | 0.0016809 | 18 | 301 | 1 |  
j30_38_2.rcp | 6.744E-4 | 8 | 336 | 0 | 6.641E-4 | 8 | 336 | 0 |  
j30_38_3.rcp | 0.0208172 | 339 | 513 | 12 | 0.0272329 | 339 | 513 | 11 |  
j30_38_4.rcp | 6.67E-4 | 9 | 403 | 0 | 0.0012257 | 9 | 403 | 2 |  
j30_38_5.rcp | 5.106E-4 | 9 | 659 | 0 | 0.0019333 | 9 | 659 | 2 |  
j30_38_6.rcp | 6.604E-4 | 9 | 354 | 3 | 6.464E-4 | 9 | 354 | 4 |  
j30_38_7.rcp | 0.008487 | 107 | 411 | 31 | 0.0092829 | 107 | 411 | 36 |  
j30_38_8.rcp | 0.0080706 | 158 | 388 | 0 | 0.0083257 | 158 | 388 | 3 |  
j30_38_9.rcp | 3.914E-4 | 10 | 432 | 0 | 3.742E-4 | 10 | 432 | 0 |  
j30_38_10.rcp | 3.875E-4 | 9 | 582 | 0 | 3.699E-4 | 9 | 582 | 0 |  
j30_39_1.rcp | 6.639E-4 | 13 | 386 | 0 | 6.148E-4 | 13 | 386 | 0 |  
j30_39_2.rcp | 5.442E-4 | 12 | 607 | 0 | 7.582E-4 | 12 | 607 | 1 |  
j30_39_3.rcp | 0.0053244 | 77 | 465 | 0 | 0.006478 | 77 | 465 | 11 |  
j30_39_4.rcp | 8.669E-4 | 10 | 405 | 0 | 0.0011978 | 10 | 405 | 1 |  
j30_39_5.rcp | 0.0057873 | 106 | 293 | 9 | 0.0066855 | 106 | 293 | 7 |  
j30_39_6.rcp | 6.756E-4 | 10 | 460 | 1 | 6.179E-4 | 10 | 460 | 1 |  
j30_39_7.rcp | 0.0048247 | 214 | 409 | 1 | 0.0061626 | 214 | 409 | 2 |  
j30_39_8.rcp | 8.447E-4 | 15 | 445 | 5 | 9.485E-4 | 15 | 445 | 12 |  
j30_39_9.rcp | 6.122E-4 | 11 | 330 | 0 | 6.154E-4 | 11 | 330 | 0 |  
j30_39_10.rcp | 0.0011211 | 16 | 520 | 0 | 0.0048261 | 16 | 520 | 4 |  
j30_40_1.rcp | 6.453E-4 | 12 | 482 | 0 | 0.0017913 | 12 | 482 | 1 |  
j30_40_2.rcp | 4.565E-4 | 9 | 607 | 0 | 4.518E-4 | 9 | 607 | 0 |  
j30_40_3.rcp | 6.221E-4 | 10 | 442 | 0 | 7.448E-4 | 10 | 442 | 1 |  
j30_40_4.rcp | 4.9E-4 | 7 | 531 | 1 | 4.43E-4 | 7 | 531 | 1 |  
j30_40_5.rcp | 5.763E-4 | 10 | 488 | 0 | 5.094E-4 | 10 | 488 | 0 |  
j30_40_6.rcp | 5.448E-4 | 9 | 374 | 0 | 0.0014044 | 9 | 374 | 1 |  
j30_40_7.rcp | 5.297E-4 | 8 | 408 | 0 | 4.651E-4 | 8 | 408 | 1 |  
j30_40_8.rcp | 5.022E-4 | 9 | 410 | 0 | 4.926E-4 | 9 | 410 | 1 |  
j30_40_9.rcp | 4.365E-4 | 8 | 353 | 0 | 4.284E-4 | 8 | 353 | 0 |  
j30_40_10.rcp | 3.681E-4 | 9 | 409 | 0 | 3.841E-4 | 9 | 409 | 0 |  
j30_41_1.rcp | 300.0001 | 1989610 | -1 | 871433 | 300.00006 | 1482087 | -1 | 1072151 |  
j30_41_2.rcp | 300.00006 | 1778168 | -1 | 2995714 | 300.00003 | 1315076 | -1 | 2790123 |  
j30_41_3.rcp | 300.00003 | 1420731 | -1 | 2655603 | 300.00018 | 1204678 | -1 | 2351563 |  
j30_41_4.rcp | 300.00015 | 1220742 | -1 | 1514119 | 300.00012 | 1157425 | -1 | 1833545 |  
j30_41_5.rcp | 300.00006 | 3004703 | -1 | 2523444 | 300.00067 | 2140848 | -1 | 2114041 |  
j30_41_6.rcp | 300.00046 | 1162439 | -1 | 2572870 | 300.00058 | 872410 | -1 | 2261422 |  
j30_41_7.rcp | 300.00006 | 2009505 | -1 | 2061975 | 300.00006 | 1708157 | -1 | 1960439 |  
j30_41_8.rcp | 300.00012 | 1693443 | -1 | 1783102 | 300.00018 | 1706138 | -1 | 1516369 |  
j30_41_9.rcp | 0.0778798 | 319 | 517 | 179 | 0.1118842 | 319 | 517 | 356 |  
j30_41_10.rcp | 300.00003 | 2621096 | -1 | 2241529 | 300.00024 | 1948265 | -1 | 1733189 |  
j30_42_1.rcp | 0.0012694 | 12 | 488 | 1 | 0.0012 | 12 | 488 | 2 |  
j30_42_2.rcp | 0.0020038 | 8 | 417 | 4 | 0.0012815 | 8 | 417 | 10 |  
j30_42_3.rcp | 0.001 | 9 | 270 | 0 | 0.0011709 | 9 | 270 | 3 |  
j30_42_4.rcp | 0.0124865 | 116 | 453 | 23 | 0.0154469 | 116 | 453 | 23 |  
j30_42_5.rcp | 7.762E-4 | 11 | 479 | 1 | 7.214E-4 | 11 | 479 | 1 |  
j30_42_6.rcp | 0.0366997 | 281 | 623 | 1 | 0.0423232 | 281 | 623 | 5 |  
j30_42_7.rcp | 0.0010381 | 11 | 603 | 1 | 0.0011025 | 11 | 603 | 4 |  
j30_42_8.rcp | 0.1138878 | 1211 | 782 | 245 | 0.1119427 | 1211 | 782 | 231 |  
j30_42_9.rcp | 0.01453 | 106 | 411 | 36 | 0.016779 | 106 | 411 | 55 |  
j30_42_10.rcp | 9.974E-4 | 9 | 459 | 0 | 9.334E-4 | 9 | 459 | 0 |  
j30_43_1.rcp | 0.0023524 | 10 | 679 | 0 | 0.0042944 | 10 | 679 | 4 |  
j30_43_2.rcp | 0.0014719 | 10 | 401 | 0 | 0.0014137 | 10 | 401 | 3 |  
j30_43_3.rcp | 0.0035673 | 32 | 438 | 0 | 0.002801 | 32 | 438 | 0 |  
j30_43_4.rcp | 0.0018552 | 10 | 289 | 4 | 0.0016676 | 10 | 289 | 5 |  
j30_43_5.rcp | 0.0061395 | 65 | 236 | 1 | 0.0063229 | 65 | 236 | 3 |  
j30_43_6.rcp | 8.981E-4 | 9 | 377 | 0 | 8.585E-4 | 9 | 377 | 0 |  
j30_43_7.rcp | 8.274E-4 | 10 | 526 | 0 | 6.23E-4 | 10 | 526 | 0 |  
j30_43_8.rcp | 0.001409 | 14 | 690 | 2 | 0.0011867 | 14 | 690 | 2 |  
j30_43_9.rcp | 0.0011485 | 11 | 455 | 1 | 0.0010713 | 11 | 455 | 1 |  
j30_43_10.rcp | 8.606E-4 | 8 | 456 | 1 | 8.6E-4 | 8 | 456 | 2 |  
j30_44_1.rcp | 7.216E-4 | 9 | 221 | 0 | 6.581E-4 | 9 | 221 | 0 |  
j30_44_2.rcp | 9.882E-4 | 10 | 518 | 0 | 9.63E-4 | 10 | 518 | 0 |  
j30_44_3.rcp | 8.871E-4 | 10 | 511 | 0 | 7.616E-4 | 10 | 511 | 0 |  
j30_44_4.rcp | 0.0010963 | 10 | 435 | 1 | 9.844E-4 | 10 | 435 | 1 |  
j30_44_5.rcp | 8.865E-4 | 9 | 684 | 0 | 8.44E-4 | 9 | 684 | 0 |  
j30_44_6.rcp | 7.001E-4 | 9 | 507 | 0 | 6.692E-4 | 9 | 507 | 0 |  
j30_44_7.rcp | 0.0011209 | 10 | 383 | 0 | 7.853E-4 | 10 | 383 | 0 |  
j30_44_8.rcp | 8.036E-4 | 8 | 463 | 0 | 7.546E-4 | 8 | 463 | 0 |  
j30_44_9.rcp | 7.286E-4 | 10 | 510 | 0 | 8.587E-4 | 10 | 510 | 0 |  
j30_44_10.rcp | 8.335E-4 | 11 | 535 | 0 | 0.0010445 | 11 | 535 | 0 |  
j30_45_1.rcp | 300.00024 | 1329739 | -1 | 1035946 | 300.00006 | 1194527 | -1 | 944041 |  
j30_45_2.rcp | 300.0003 | 729020 | -1 | 1420726 | 300.00012 | 694685 | -1 | 1108243 |  
j30_45_3.rcp | 300.0003 | 976249 | -1 | 1299542 | 300.00046 | 758020 | -1 | 1199131 |  
j30_45_4.rcp | 300.0002 | 1004276 | -1 | 1308135 | 300.00024 | 842633 | -1 | 1124470 |  
j30_45_5.rcp | 300.00006 | 1387894 | -1 | 1168754 | 300.0001 | 1054705 | -1 | 870134 |  
j30_45_6.rcp | 300.00006 | 1337304 | -1 | 1900219 | 300.00055 | 916566 | -1 | 1046813 |  
j30_45_7.rcp | 300.00003 | 823955 | -1 | 938802 | 300.00003 | 685429 | -1 | 801267 |  
j30_45_8.rcp | 300.00018 | 956827 | -1 | 690296 | 300.00015 | 781216 | -1 | 887021 |  
j30_45_9.rcp | 300.00012 | 1551850 | -1 | 709834 | 300.00003 | 1502016 | -1 | 710583 |  
j30_45_10.rcp | 300.00015 | 979716 | -1 | 1525030 | 300.00018 | 839126 | -1 | 1393953 |  
j30_46_1.rcp | 300.0005 | 1126554 | -1 | 941365 | 300.0002 | 841577 | -1 | 1937322 |  
j30_46_2.rcp | 0.0571766 | 259 | 564 | 53 | 0.0476243 | 259 | 564 | 120 |  
j30_46_3.rcp | 0.094223104 | 560 | 512 | 57 | 0.100079104 | 560 | 512 | 64 |  
j30_46_4.rcp | 0.0226839 | 120 | 490 | 0 | 0.0173936 | 120 | 490 | 4 |  
j30_46_5.rcp | 0.0076191 | 46 | 332 | 8 | 0.0085184 | 46 | 332 | 15 |  
j30_46_6.rcp | 300.00012 | 1920149 | -1 | 6851 | 300.00012 | 1903740 | -1 | 8648 |  
j30_46_7.rcp | 0.0211076 | 87 | 392 | 8 | 0.0153966 | 87 | 392 | 28 |  
j30_46_8.rcp | 0.0048552 | 23 | 551 | 0 | 0.0035692 | 23 | 551 | 0 |  
j30_46_9.rcp | 0.0029906 | 13 | 402 | 0 | 0.0048324 | 13 | 402 | 11 |  
j30_46_10.rcp | 0.0189865 | 171 | 417 | 1 | 0.0222374 | 171 | 417 | 3 |  
j30_47_1.rcp | 0.0014528 | 11 | 608 | 1 | 0.0011982 | 11 | 608 | 2 |  
j30_47_2.rcp | 0.0010584 | 11 | 242 | 0 | 9.472E-4 | 11 | 242 | 0 |  
j30_47_3.rcp | 0.0011659 | 10 | 334 | 0 | 0.0013622 | 10 | 334 | 2 |  
j30_47_4.rcp | 0.0071834 | 58 | 242 | 3 | 0.0080472 | 58 | 242 | 2 |  
j30_47_5.rcp | 0.0012804 | 9 | 311 | 0 | 0.0013123 | 9 | 311 | 4 |  
j30_47_6.rcp | 0.0015485 | 11 | 329 | 1 | 0.0022495 | 11 | 329 | 3 |  
j30_47_7.rcp | 0.0011624 | 9 | 205 | 1 | 0.0010189 | 9 | 205 | 1 |  
j30_47_8.rcp | 0.0236301 | 173 | 329 | 0 | 0.0323635 | 173 | 329 | 1 |  
j30_47_9.rcp | 0.0012065 | 10 | 335 | 1 | 0.001187 | 10 | 335 | 1 |  
j30_47_10.rcp | 0.0014586 | 8 | 368 | 2 | 0.0012138 | 8 | 368 | 3 |  
j30_48_1.rcp | 0.001117 | 10 | 480 | 0 | 0.001103 | 10 | 480 | 0 |  
j30_48_2.rcp | 0.0012358 | 9 | 380 | 0 | 0.0011311 | 9 | 380 | 1 |  
j30_48_3.rcp | 0.0011856 | 10 | 187 | 0 | 9.495E-4 | 10 | 187 | 0 |  
j30_48_4.rcp | 0.0015255 | 8 | 342 | 0 | 9.358E-4 | 8 | 342 | 0 |  
j30_48_5.rcp | 0.0010308 | 10 | 489 | 0 | 0.0010307 | 10 | 489 | 0 |  
j30_48_6.rcp | 0.001085 | 9 | 541 | 0 | 9.695E-4 | 9 | 541 | 0 |  
j30_48_7.rcp | 0.0010543 | 8 | 468 | 0 | 0.0012382 | 8 | 468 | 0 |  
j30_48_8.rcp | 0.0011292 | 8 | 317 | 0 | 9.093E-4 | 8 | 317 | 0 |  
j30_48_9.rcp | 0.001293 | 11 | 415 | 0 | 0.0012576 | 11 | 415 | 0 |  
j30_48_10.rcp | 9.718E-4 | 8 | 414 | 0 | 9.295E-4 | 8 | 414 | 0 |  
1.404072 | 13095.8125 | 11829.769 | 1.5985925 | 13095.8125 | 12373.568 |  

2020-05-17
 11:39:42.117919100
Data/KSD15/ 
  BRANCHEMENT STATIQUE 
Inst |old_time |old_backt |makespan |old_prop |new_time |new_backt |makespan |new_prop|  
j30_9_2.rcp | 61.994213 | 303808 | 652 | 652819 | 83.154106 | 303808 | 652 | 755042 |  
61.994213 | 303808.0 | 652819.0 | 83.154106 | 303808.0 | 755042.0 |  
2020-05-17
 11:44:02.021972700
Data/KSD15/ 
  BRANCHEMENT STATIQUE 
Inst |old_time |old_backt |makespan |old_prop |new_time |new_backt |makespan |new_prop|  
j30_10_9.rcp | 4.253843 | 43079 | 335 | 0 | 3.2865188 | 43079 | 335 | 35811 |  
4.253843 | 43079.0 | 0.0 | 3.2865188 | 43079.0 | 35811.0 |  
2020-05-17
 11:44:15.502819800
Data/KSD15/ 
  BRANCHEMENT STATIQUE 
Inst |old_time |old_backt |makespan |old_prop |new_time |new_backt |makespan |new_prop|  
j30_10_9.rcp | 4.1143456 | 43079 | 335 | 0 | 3.2863743 | 43079 | 335 | 35811 |  
4.1143456 | 43079.0 | 0.0 | 3.2863743 | 43079.0 | 35811.0 |  
2020-05-17
 11:44:50.325499800
Data/KSD15/ 
  BRANCHEMENT STATIQUE 
Inst |old_time |old_backt |makespan |old_prop |new_time |new_backt |makespan |new_prop|  
j30_10_9.rcp | 4.389943 | 43079 | 335 | 0 | 3.3188772 | 43079 | 335 | 35811 |  
4.389943 | 43079.0 | 0.0 | 3.3188772 | 43079.0 | 35811.0 |  
2020-05-17
 11:45:09.247487900
Data/KSD15/ 
  BRANCHEMENT STATIQUE 
Inst |old_time |old_backt |makespan |old_prop |new_time |new_backt |makespan |new_prop|  
j30_10_9.rcp | 4.4056864 | 43079 | 335 | 0 | 3.2838898 | 43079 | 335 | 35811 |  
4.4056864 | 43079.0 | 0.0 | 3.2838898 | 43079.0 | 35811.0 |  
2020-05-17
 11:50:51.540441600
Data/KSD15/ 
  BRANCHEMENT STATIQUE 
Inst |old_time |old_backt |makespan |old_prop |new_time |new_backt |makespan |new_prop|  
j30_10_9.rcp | 4.1683025 | 43079 | 335 | 0 | 3.2341874 | 43079 | 335 | 35811 |  
AVERAGE |4.1683025 | 43079.0 | 0.0 | 3.2341874 | 43079.0 | 35811.0 |  
TIME RATIO  = 128.882522020-05-17
 11:52:12.801143100
Data/KSD15/ 
  BRANCHEMENT STATIQUE 
Inst |old_time |old_backt |makespan |old_prop |new_time |new_backt |makespan |new_prop|  
j30_10_9.rcp | 4.139654 | 43079 | 335 | 0 | 3.4335601 | 43079 | 335 | 35811 |  
AVERAGE |4.139654 | 43079.0 | 0.0 | 3.4335601 | 43079.0 | 35811.0 |  
TIME RATIO  = 120.564482020-05-17
 11:54:33.321281900
Data/KSD15/ 
  BRANCHEMENT STATIQUE 
Inst |old_time |old_backt |makespan |old_prop |new_time |new_backt |makespan |new_prop|  
j30_27_4.rcp | 229.03462 | 2223518 | 277 | 1 | 254.59496 | 2223518 | 277 | 118852 |  
AVERAGE |229.03462 | 2223518.0 | 1.0 | 254.59496 | 2223518.0 | 118852.0 |  
TIME RATIO  = 89.96039

 
2020-05-19
 17:23:21.476550500
Data/KSD15/ 
  BRANCHEMENT STATIQUE 
Inst |old_time |old_backt |makespan |old_prop |new_time |new_backt |makespan |new_prop|  
j30_13_9.rcp | 31.736322 | 164439 | 484 | 60582 | 2020-05-19
 17:57:01.814556
Data/J90/ 
  BRANCHEMENT STATIQUE 
Inst |old_time |old_backt |makespan |old_prop |new_time |new_backt |makespan |new_prop|  
j90_43_2.rcp | 3.0571957 | 1191 | 91 | 828 | 2.0935485 | 1241 | 91 | 1289 |  
AVERAGE |3.0571957 | 1191.0 | 828.0 | 2.0935485 | 1241.0 | 1289.0 |  
TIME RATIO  = 146.029362020-05-19
 17:57:26.820050300
Data/J90/ 
  BRANCHEMENT STATIQUE 
Inst |old_time |old_backt |makespan |old_prop |new_time |new_backt |makespan |new_prop|  
j90_43_2.rcp | 2.8401036 | 1191 | 91 | 828 | 2.0699632 | 1241 | 91 | 1289 |  
AVERAGE |2.8401036 | 1191.0 | 828.0 | 2.0699632 | 1241.0 | 1289.0 |  
TIME RATIO  = 137.205522020-05-19
 17:58:58.437550200
Data/J90/ 
  BRANCHEMENT STATIQUE 
Inst |old_time |old_backt |makespan |old_prop |new_time |new_backt |makespan |new_prop|  
j90_43_2.rcp | 3.0107212 | 1191 | 91 | 828 | 1.987902 | 1241 | 91 | 1289 |  
AVERAGE |3.0107212 | 1191.0 | 828.0 | 1.987902 | 1241.0 | 1289.0 |  
TIME RATIO  = 151.45222020-05-19
 18:00:34.780578100
Data/J90/ 
  BRANCHEMENT STATIQUE 
Inst |old_time |old_backt |makespan |old_prop |new_time |new_backt |makespan |new_prop|  
j90_43_2.rcp | 2.9007792 | 1191 | 91 | 828 | 1.9473206 | 1189 | 91 | 1237 |  
AVERAGE |2.9007792 | 1191.0 | 828.0 | 1.9473206 | 1189.0 | 1237.0 |  
TIME RATIO  = 148.962592020-05-19
 18:07:21.662962300
Data/J90/ 
  BRANCHEMENT STATIQUE 
Inst |old_time |old_backt |makespan |old_prop |new_time |new_backt |makespan |new_prop|  
j90_43_2.rcp | 2.9776332 | 1191 | 91 | 828 | 2.0583985 | 1241 | 91 | 1289 |  
AVERAGE |2.9776332 | 1191.0 | 828.0 | 2.0583985 | 1241.0 | 1289.0 |  
TIME RATIO  = 144.657762020-05-19
 18:07:46.431221500
Data/J90/ 
  BRANCHEMENT STATIQUE 
Inst |old_time |old_backt |makespan |old_prop |new_time |new_backt |makespan |new_prop|  
j90_43_2.rcp | 3.3897462 | 1191 | 91 | 828 | 2.1692448 | 1189 | 91 | 1237 |  
AVERAGE |3.3897462 | 1191.0 | 828.0 | 2.1692448 | 1189.0 | 1237.0 |  
TIME RATIO  = 156.263892020-05-19
 18:08:30.375731800
Data/J90/ 
  BRANCHEMENT STATIQUE 
Inst |old_time |old_backt |makespan |old_prop |new_time |new_backt |makespan |new_prop|  
j90_43_2.rcp | 2.8864784 | 1191 | 91 | 828 | 2.146703 | 1189 | 91 | 1237 |  
AVERAGE |2.8864784 | 1191.0 | 828.0 | 2.146703 | 1189.0 | 1237.0 |  
TIME RATIO  = 134.461012020-05-19
 18:37:40.501629400
Data/J90/ 
  BRANCHEMENT STATIQUE 
Inst |old_time |old_backt |makespan |old_prop |new_time |new_backt |makespan |new_prop|  
j90_43_2.rcp | 3.3587513 | 1191 | 91 | 828 | 2.4851508 | 1241 | 91 | 1289 |  
AVERAGE |3.3587513 | 1191.0 | 828.0 | 2.4851508 | 1241.0 | 1289.0 |  
TIME RATIO  = 135.152822020-05-19
 18:38:56.195138700
Data/J90/ 
  BRANCHEMENT STATIQUE 
Inst |old_time |old_backt |makespan |old_prop |new_time |new_backt |makespan |new_prop|  
j90_43_2.rcp | 2.986462 | 1191 | 91 | 828 | 2.5579984 | 1241 | 91 | 1289 |  
AVERAGE |2.986462 | 1191.0 | 828.0 | 2.5579984 | 1241.0 | 1289.0 |  
TIME RATIO  = 116.7499542020-05-19
 18:42:50.235453800
Data/J90/ 
  BRANCHEMENT STATIQUE 
Inst |old_time |old_backt |makespan |old_prop |new_time |new_backt |makespan |new_prop|  
j90_43_2.rcp | 3.3626018 | 1191 | 91 | 828 | 2.3439877 | 1189 | 91 | 1237 |  
AVERAGE |3.3626018 | 1191.0 | 828.0 | 2.3439877 | 1189.0 | 1237.0 |  
TIME RATIO  = 143.456452020-05-19
 18:48:07.549244600
Data/J90/ 
  BRANCHEMENT STATIQUE 
Inst |old_time |old_backt |makespan |old_prop |new_time |new_backt |makespan |new_prop|  
j90_43_2.rcp | 3.6724637 | 1191 | 91 | 828 | 2.0923793 | 1241 | 91 | 1289 |  
AVERAGE |3.6724637 | 1191.0 | 828.0 | 2.0923793 | 1241.0 | 1289.0 |  
TIME RATIO  = 175.516162020-05-20
 11:01:35.425256800
Data/J90/ 
  BRANCHEMENT STATIQUE 
Inst |old_time |old_backt |makespan |old_prop |new_time |new_backt |makespan |new_prop|  
j90_43_2.rcp | 3.140146 | 1191 | 91 | 828 | 2.357857 | 1241 | 91 | 1289 |  
AVERAGE |3.140146 | 1191.0 | 828.0 | 2.357857 | 1241.0 | 1289.0 |  
TIME RATIO  = 133.177982020-05-20
 11:02:21.923104
Data/J90/ 
  BRANCHEMENT STATIQUE 
Inst |old_time |old_backt |makespan |old_prop |new_time |new_backt |makespan |new_prop|  
j90_43_2.rcp | 3.037346 | 1191 | 91 | 828 | 2.077922 | 1241 | 91 | 1289 |  
AVERAGE |3.037346 | 1191.0 | 828.0 | 2.077922 | 1241.0 | 1289.0 |  
TIME RATIO  = 146.172272020-05-20
 11:03:08.428217800
Data/J90/ 
  BRANCHEMENT STATIQUE 
Inst |old_time |old_backt |makespan |old_prop |new_time |new_backt |makespan |new_prop|  
j90_43_2.rcp | 3.1494615 | 1191 | 91 | 828 | 2.193643 | 1240 | 91 | 1290 |  
AVERAGE |3.1494615 | 1191.0 | 828.0 | 2.193643 | 1240.0 | 1290.0 |  
TIME RATIO  = 143.57222020-05-20
 11:04:14.315506200
Data/J90/ 
  BRANCHEMENT STATIQUE 
Inst |old_time |old_backt |makespan |old_prop |new_time |new_backt |makespan |new_prop|  
j90_43_2.rcp | 2.8883817 | 1191 | 91 | 828 | 2.0809567 | 1241 | 91 | 1289 |  
AVERAGE |2.8883817 | 1191.0 | 828.0 | 2.0809567 | 1241.0 | 1289.0 |  
TIME RATIO  = 138.800672020-05-20
 11:04:36.113580900
Data/J90/ 
  BRANCHEMENT STATIQUE 
Inst |old_time |old_backt |makespan |old_prop |new_time |new_backt |makespan |new_prop|  
j90_43_2.rcp | 2.93699 | 1191 | 91 | 828 | 1.9929799 | 1240 | 91 | 1290 |  
AVERAGE |2.93699 | 1191.0 | 828.0 | 1.9929799 | 1240.0 | 1290.0 |  
TIME RATIO  = 147.366762020-05-20
 11:10:11.988406
Data/J90/ 
  BRANCHEMENT STATIQUE 
Inst |old_time |old_backt |makespan |old_prop |new_time |new_backt |makespan |new_prop|  
j90_43_2.rcp | 3.0685766 | 1191 | 91 | 828 | 0.5633001 | 1365 | 91 | 0 |  
AVERAGE |3.0685766 | 1191.0 | 828.0 | 0.5633001 | 1365.0 | 0.0 |  
TIME RATIO  = 544.74992020-05-20
 11:10:43.332275400
Data/J90/ 
  BRANCHEMENT STATIQUE 
Inst |old_time |old_backt |makespan |old_prop |new_time |new_backt |makespan |new_prop|  
j90_43_2.rcp | 3.2572577 | 1191 | 91 | 828 | 2.0598464 | 1240 | 91 | 1290 |  
AVERAGE |3.2572577 | 1191.0 | 828.0 | 2.0598464 | 1240.0 | 1290.0 |  
TIME RATIO  = 158.13112020-05-20
 11:25:36.191704300
Data/J90/ 
  BRANCHEMENT STATIQUE 
Inst |old_time |old_backt |makespan |old_prop |new_time |new_backt |makespan |new_prop|  
j90_43_2.rcp | 3.0996518 | 1191 | 91 | 828 | 2.0519385 | 1240 | 91 | 1290 |  
AVERAGE |3.0996518 | 1191.0 | 828.0 | 2.0519385 | 1240.0 | 1290.0 |  
TIME RATIO  = 151.05972020-05-20
 11:28:23.694639800
Data/KSD15/ 
  BRANCHEMENT STATIQUE 
Inst |old_time |old_backt |makespan |old_prop |new_time |new_backt |makespan |new_prop|  
j30_13_9.rcp | 34.002613 | 164439 | 484 | 60582 | 33.348618 | 146171 | 484 | 59621 |  
AVERAGE |34.002613 | 164439.0 | 60582.0 | 33.348618 | 146171.0 | 59621.0 |  
TIME RATIO  = 101.961092020-05-20
 11:32:16.946944900
Data/KSD15/ 
  BRANCHEMENT STATIQUE 
Inst |old_time |old_backt |makespan |old_prop |new_time |new_backt |makespan |new_prop|  
j30_5_9.rcp | 174.27708 | 2199594 | 295 | 3742122 | 187.05951 | 2199594 | 295 | 3729037 |  
AVERAGE |174.27708 | 2199594.0 | 3742122.0 | 187.05951 | 2199594.0 | 3729037.0 |  
TIME RATIO  = 93.166662020-05-20
 11:40:20.304389600
Data/KSD15/ 
  BRANCHEMENT STATIQUE 
Inst |old_time |old_backt |makespan |old_prop |new_time |new_backt |makespan |new_prop|  
j30_5_10.rcp | 0.1277486 | 258 | 664 | 55 | 0.0834177 | 58 | 664 | 70 |  
AVERAGE |0.1277486 | 258.0 | 55.0 | 0.0834177 | 58.0 | 70.0 |  
TIME RATIO  = 153.143282020-05-20
 11:42:20.278588400
Data/KSD15/ 
  BRANCHEMENT STATIQUE 
Inst |old_time |old_backt |makespan |old_prop |new_time |new_backt |makespan |new_prop|  
j30_8_1.rcp | 0.0212547 | 9 | 306 | 1 | 0.0125752 | 9 | 306 | 1 |  
j30_8_2.rcp | 0.0056291 | 9 | 455 | 0 | 0.003918 | 9 | 455 | 0 |  
j30_8_3.rcp | 0.0035085 | 10 | 379 | 0 | 0.0034823 | 10 | 379 | 0 |  
j30_8_4.rcp | 0.0054533 | 11 | 334 | 1 | 0.0029629 | 11 | 334 | 1 |  
j30_8_5.rcp | 0.0053025 | 10 | 476 | 1 | 0.0037772 | 10 | 476 | 1 |  
j30_8_6.rcp | 0.0045168 | 10 | 651 | 0 | 0.0038284 | 10 | 651 | 0 |  
j30_8_7.rcp | 0.0036161 | 7 | 362 | 1 | 0.0036769 | 7 | 362 | 1 |  
j30_8_8.rcp | 0.0042005 | 11 | 478 | 0 | 0.0034243 | 11 | 478 | 0 |  
j30_8_9.rcp | 0.0025712 | 10 | 379 | 0 | 0.0022864 | 10 | 379 | 0 |  
j30_8_10.rcp | 0.0041964 | 10 | 759 | 0 | 0.0040343 | 10 | 759 | 0 |  
AVERAGE |0.0060249097 | 9.7 | 0.4 | 0.0043965904 | 9.7 | 0.4 |  
TIME RATIO  = 137.035962020-05-20
 11:43:08.707490700
Data/KSD15/ 
  BRANCHEMENT STATIQUE 
Inst |old_time |old_backt |makespan |old_prop |new_time |new_backt |makespan |new_prop|  
j30_6_1.rcp | 0.0284076 | 7 | 479 | 0 | 0.0135799 | 7 | 479 | 3 |  
j30_6_2.rcp | 0.0066473 | 8 | 454 | 1 | 0.012004 | 8 | 454 | 4 |  
j30_6_3.rcp | 0.0059151 | 10 | 403 | 1 | 0.0046225 | 10 | 403 | 3 |  
j30_6_4.rcp | 0.196612 | 483 | 551 | 2 | 0.1333077 | 483 | 551 | 119 |  
j30_6_5.rcp | 0.0038819 | 15 | 369 | 1 | 0.0038019 | 15 | 369 | 2 |  
j30_6_6.rcp | 0.0419364 | 308 | 404 | 1 | 0.0384821 | 308 | 404 | 4 |  
j30_6_7.rcp | 0.0419864 | 258 | 438 | 1 | 0.033095 | 258 | 438 | 3 |  
j30_6_8.rcp | 0.0037369 | 9 | 327 | 1 | 0.0029741 | 9 | 327 | 2 |  
j30_6_9.rcp | 0.0054033 | 16 | 363 | 0 | 0.0134262 | 65 | 363 | 20 |  
j30_6_10.rcp | 0.0113131 | 71 | 341 | 1 | 0.0108324 | 71 | 341 | 1 |  
j30_7_1.rcp | 0.002739 | 8 | 509 | 0 | 0.0020096 | 8 | 509 | 1 |  
j30_7_2.rcp | 0.0062085 | 38 | 328 | 0 | 0.0039141 | 38 | 328 | 8 |  
j30_7_3.rcp | 0.0017138 | 10 | 309 | 2 | 0.0011509 | 10 | 309 | 3 |  
j30_7_4.rcp | 0.0023888 | 11 | 382 | 2 | 0.0018732 | 11 | 382 | 6 |  
j30_7_5.rcp | 0.02743 | 142 | 326 | 0 | 0.0322547 | 142 | 326 | 0 |  
j30_7_6.rcp | 0.0026355 | 10 | 378 | 0 | 0.0031561 | 10 | 378 | 0 |  
j30_7_7.rcp | 0.002089 | 8 | 680 | 0 | 0.001997 | 8 | 680 | 1 |  
j30_7_8.rcp | 0.0251102 | 158 | 512 | 0 | 0.037016 | 158 | 512 | 66 |  
j30_7_9.rcp | 0.0030201 | 9 | 477 | 0 | 0.0026456 | 9 | 477 | 0 |  
j30_7_10.rcp | 0.0047045 | 46 | 285 | 2 | 0.0043805 | 46 | 285 | 3 |  
AVERAGE |0.021193974 | 81.25 | 0.75 | 0.017826173 | 83.7 | 12.45 |  
TIME RATIO  = 118.8924562020-05-20
 11:47:32.805141200
Data/KSD15/ 
  BRANCHEMENT STATIQUE 
Inst |old_time |old_backt |makespan |old_prop |new_time |new_backt |makespan |new_prop|  
j30_6_9.rcp | 0.0433941 | 16 | 363 | 0 | 0.050763 | 65 | 363 | 20 | 0.0311897 | 16 | 363 | 1 | 2020-05-20
 11:48:36.879034700
Data/KSD15/ 
  BRANCHEMENT STATIQUE 
Inst |old_time |old_backt |makespan |old_prop |new_time |new_backt |makespan |new_prop|  
j30_6_9.rcp | 0.0471797 | 16 | 363 | 0 | 0.0530065 | 65 | 363 | 20 |  
AVERAGE |0.0471797 | 16.0 | 0.0 | 0.0530065 | 65.0 | 20.0 |  
TIME RATIO  = 89.0073852020-05-20
 11:49:46.438227300
Data/KSD15/ 
  BRANCHEMENT STATIQUE 
Inst |old_time |old_backt |makespan |old_prop |new_time |new_backt |makespan |new_prop|  
j30_6_9.rcp | 0.0335097 | 16 | 363 | 0 | 0.0195582 | 16 | 363 | 1 |  
AVERAGE |0.0335097 | 16.0 | 0.0 | 0.0195582 | 16.0 | 1.0 |  
TIME RATIO  = 171.333252020-05-20
 12:17:51.514697600
Data/KSD15/ 
  BRANCHEMENT STATIQUE 
Inst |old_time |old_backt |makespan |old_prop |new_time |new_backt |makespan |new_prop|  
j30_5_9.rcp | 178.11327 | 2199594 | 295 | 3742122 | 183.74557 | 2199594 | 295 | 3729037 |  
AVERAGE |178.11327 | 2199594.0 | 3742122.0 | 183.74557 | 2199594.0 | 3729037.0 |  
TIME RATIO  = 96.934722020-05-20
 12:48:32.545110400
Data/KSD15/ 
  BRANCHEMENT STATIQUE 
Inst |old_time |old_backt |makespan |old_prop |new_time |new_backt |makespan |new_prop|  
j30_5_9.rcp | 176.28583 | 2199594 | 295 | 3742122 | 0.0029895 | 0 | -1 | 0 |  
AVERAGE |NaN | NaN | NaN | NaN | NaN | NaN |  
TIME RATIO  = NaN2020-05-20
 12:52:05.249141
Data/KSD15/ 
  BRANCHEMENT STATIQUE 
Inst |old_time |old_backt |makespan |old_prop |new_time |new_backt |makespan |new_prop|  
j30_5_9.rcp | 175.23819 | 2199594 | 295 | 3742122 | 0.043726 | 13 | 297 | 46 |  
AVERAGE |175.23819 | 2199594.0 | 3742122.0 | 0.043726 | 13.0 | 46.0 |  
TIME RATIO  = 400764.282020-05-20
 12:57:20.149036200
Data/KSD15/ 
  BRANCHEMENT STATIQUE 
Inst |old_time |old_backt |makespan |old_prop |new_time |new_backt |makespan |new_prop|  
j30_5_9.rcp | 172.03477 | 2199594 | 295 | 3742122 | 182.10098 | 2199594 | 295 | 3729037 |  
AVERAGE |172.03477 | 2199594.0 | 3742122.0 | 182.10098 | 2199594.0 | 3729037.0 |  
TIME RATIO  = 94.472182020-05-20
 13:04:09.679522300
Data/KSD15/ 
  BRANCHEMENT STATIQUE 
Inst |old_time |old_backt |makespan |old_prop |new_time |new_backt |makespan |new_prop|  
j30_13_9.rcp | 31.669416 | 164439 | 484 | 60582 | 33.03051 | 164439 | 484 | 60600 |  
AVERAGE |31.669416 | 164439.0 | 60582.0 | 33.03051 | 164439.0 | 60600.0 |  
TIME RATIO  = 95.879292020-05-20
 15:00:21.551029800
Data/KSD15/ 
  BRANCHEMENT STATIQUE 
Inst |old_time |old_backt |makespan |old_prop |new_time |new_backt |makespan |new_prop|  
j30_13_9.rcp | 32.933422 | 164439 | 484 | 60582 | 33.09533 | 164439 | 484 | 60600 |  
AVERAGE |32.933422 | 164439.0 | 60582.0 | 33.09533 | 164439.0 | 60600.0 |  
TIME RATIO  = 99.51078