2020-05-12
 15:40:31.189115900
Data/j60/J60 
  BRANCHEMENT STATIQUE 
Inst |old_time |old_backt |makespan |old_prop |new_time |new_backt |makespan |new_prop|  
j60_1_1.rcp | 300.00793 | 3265729 | -1 | 2325259 | 300.00116 | 3492488 | -1 | 2293830 |  
j60_1_2.rcp | 0.0253363 | 54 | 68 | 122 | 0.0240148 | 54 | 68 | 140 |  
j60_1_3.rcp | 300.00958 | 2433877 | -1 | 1773894 | 300.01202 | 1550886 | -1 | 3578763 |  
j60_1_4.rcp | 300.00095 | 1860319 | -1 | 2243627 | 300.0107 | 1506056 | -1 | 2590334 |  
j60_1_5.rcp | 16.925467 | 146634 | 73 | 76289 | 17.163012 | 137010 | 73 | 93634 |  
j60_1_6.rcp | 300.01123 | 1911088 | -1 | 1891422 | 300.01254 | 1747822 | -1 | 1559175 |  
j60_1_7.rcp | 300.0005 | 2098654 | -1 | 2963700 | 300.0006 | 1878571 | -1 | 3125315 |  
j60_1_8.rcp | 300.0003 | 3059045 | -1 | 2631684 | 300.00845 | 4140816 | -1 | 1317771 |  
j60_1_9.rcp | 300.00067 | 1386706 | -1 | 2400783 | 300.0138 | 1133343 | -1 | 2154257 |  
j60_1_10.rcp | 0.012943 | 46 | 80 | 33 | 0.0095297 | 46 | 80 | 46 |  
j60_2_1.rcp | 0.0050192 | 35 | 65 | 9 | 0.0042782 | 35 | 65 | 14 |  
j60_2_2.rcp | 0.0051171 | 36 | 82 | 10 | 0.0057371 | 36 | 82 | 18 |  
j60_2_3.rcp | 0.0047599 | 26 | 78 | 13 | 0.0047538 | 26 | 78 | 18 |  
j60_2_4.rcp | 0.0057264 | 31 | 78 | 11 | 0.0055512 | 31 | 78 | 19 |  
j60_2_5.rcp | 0.0053136 | 30 | 54 | 7 | 0.0051167 | 30 | 54 | 16 |  
j60_2_6.rcp | 0.0088799 | 32 | 64 | 9 | 0.0048295 | 32 | 64 | 15 |  
j60_2_7.rcp | 0.0064591 | 38 | 53 | 8 | 0.0073609 | 38 | 53 | 10 |  
j60_2_8.rcp | 0.0068766 | 26 | 66 | 8 | 0.0058189 | 26 | 66 | 15 |  
j60_2_9.rcp | 0.0039457 | 31 | 65 | 7 | 0.0051502 | 31 | 65 | 10 |  
j60_2_10.rcp | 0.0110377 | 50 | 69 | 10 | 0.0110292 | 50 | 69 | 16 |  
j60_3_1.rcp | 0.0033976 | 26 | 60 | 2 | 0.004104 | 26 | 60 | 3 |  
j60_3_2.rcp | 0.0057455 | 27 | 69 | 5 | 0.0041284 | 27 | 69 | 10 |  
j60_3_3.rcp | 0.0062505 | 32 | 105 | 2 | 0.0048355 | 32 | 105 | 7 |  
j60_3_4.rcp | 0.0037324 | 28 | 81 | 3 | 0.0042825 | 28 | 81 | 4 |  
j60_3_5.rcp | 0.004 | 23 | 83 | 0 | 0.0036646 | 23 | 83 | 4 |  
j60_3_6.rcp | 0.0037877 | 29 | 57 | 5 | 0.0039112 | 29 | 57 | 10 |  
j60_3_7.rcp | 0.0051138 | 29 | 59 | 3 | 0.0073855 | 29 | 59 | 7 |  
j60_3_8.rcp | 300.00916 | 3390445 | -1 | 1990418 | 300.01355 | 2386557 | -1 | 3573730 |  
j60_3_9.rcp | 0.0142717 | 31 | 67 | 7 | 0.0054412 | 31 | 67 | 8 |  
j60_3_10.rcp | 0.0074196 | 47 | 69 | 2 | 0.008947 | 47 | 69 | 18 |  
j60_4_1.rcp | 0.0029729 | 25 | 84 | 0 | 0.0024777 | 25 | 84 | 0 |  
j60_4_2.rcp | 0.0028324 | 19 | 60 | 0 | 0.0026031 | 19 | 60 | 0 |  
j60_4_3.rcp | 0.0026546 | 23 | 58 | 1 | 0.0019787 | 23 | 58 | 2 |  
j60_4_4.rcp | 0.002741 | 25 | 65 | 0 | 0.0023663 | 25 | 65 | 3 |  
j60_4_5.rcp | 0.0065471 | 23 | 75 | 0 | 0.0021816 | 23 | 75 | 1 |  
j60_4_6.rcp | 0.002655 | 25 | 71 | 0 | 0.0021249 | 25 | 71 | 0 |  
j60_4_7.rcp | 0.0027874 | 24 | 67 | 0 | 0.0023343 | 24 | 67 | 2 |  
j60_4_8.rcp | 0.0028259 | 26 | 65 | 3 | 0.0024249 | 26 | 65 | 3 |  
j60_4_9.rcp | 0.0027682 | 21 | 75 | 2 | 0.0023946 | 21 | 75 | 3 |  
j60_4_10.rcp | 0.003059 | 24 | 77 | 3 | 0.0024125 | 24 | 77 | 3 |  
j60_5_1.rcp | 300.01276 | 722184 | -1 | 506939 | 300.0046 | 620594 | -1 | 681668 |  
j60_5_2.rcp | 300.0007 | 669839 | -1 | 595475 | 300.00415 | 124515 | -1 | 527403 |  
j60_5_3.rcp | 300.00687 | 1688804 | -1 | 516248 | 300.00287 | 256035 | -1 | 631014 |  
j60_5_4.rcp | 300.00064 | 318036 | -1 | 834349 | 300.00677 | 189956 | -1 | 691638 |  
j60_5_5.rcp | 300.0099 | 358950 | -1 | 823008 | 300.01843 | 304131 | -1 | 898837 |  
j60_5_6.rcp | 300.0001 | 360317 | -1 | 779853 | 300.00473 | 264931 | -1 | 799590 |  
j60_5_7.rcp | 300.001 | 580854 | -1 | 1260361 | 300.0076 | 221125 | -1 | 928374 |  
j60_5_8.rcp | 300.00833 | 407723 | -1 | 977025 | 300.01273 | 245768 | -1 | 779406 |  
j60_5_9.rcp | 300.0026 | 509299 | -1 | 1223545 | 300.01144 | 363043 | -1 | 1372866 |  
j60_5_10.rcp | 300.0063 | 1031941 | -1 | 194966 | 300.01843 | 948620 | -1 | 610085 |  
j60_6_1.rcp | 300.01117 | 828798 | -1 | 175334 | 300.0212 | 780564 | -1 | 647561 |  
j60_6_2.rcp | 300.02295 | 685472 | -1 | 351028 | 300.0096 | 759443 | -1 | 481526 |  
j60_6_3.rcp | 0.0307662 | 41 | 72 | 15 | 0.0178812 | 41 | 72 | 27 |  
j60_6_4.rcp | 8.994158 | 23707 | 67 | 14491 | 8.53478 | 23695 | 67 | 33792 |  
j60_6_5.rcp | 0.0221234 | 39 | 78 | 15 | 0.0155228 | 39 | 78 | 22 |  
j60_6_6.rcp | 300.16202 | 787385 | -1 | 483901 | 300.01248 | 602545 | -1 | 526016 |  
j60_6_7.rcp | 300.02036 | 998055 | -1 | 183657 | 300.01013 | 1151880 | -1 | 299364 |  
j60_6_8.rcp | 300.00024 | 812589 | -1 | 381577 | 300.0004 | 609218 | -1 | 719207 |  
j60_6_9.rcp | 0.0303451 | 22 | 64 | 4 | 0.0181833 | 22 | 64 | 13 |  
j60_6_10.rcp | 300.0185 | 618482 | -1 | 550161 | 300.00015 | 654798 | -1 | 1053747 |  
j60_7_1.rcp | 300.0078 | 1570126 | -1 | 244001 | 300.0006 | 1508042 | -1 | 1003338 |  
j60_7_2.rcp | 0.0194649 | 31 | 85 | 3 | 0.0126151 | 31 | 85 | 10 |  
j60_7_3.rcp | 0.0108625 | 25 | 62 | 1 | 0.0107404 | 25 | 62 | 5 |  
j60_7_4.rcp | 0.0071229 | 22 | 63 | 0 | 0.0076513 | 22 | 63 | 2 |  
j60_7_5.rcp | 0.0135295 | 30 | 71 | 6 | 0.011495 | 30 | 71 | 12 |  
j60_7_6.rcp | 0.0120674 | 30 | 65 | 8 | 0.011244 | 30 | 65 | 18 |  
j60_7_7.rcp | 0.0158769 | 38 | 89 | 5 | 0.0156098 | 38 | 89 | 18 |  
j60_7_8.rcp | 0.0118229 | 26 | 66 | 1 | 0.0091244 | 26 | 66 | 3 |  
j60_7_9.rcp | 34.96614 | 104478 | 44 | 3442 | 26.903801 | 104478 | 44 | 7066 |  
j60_7_10.rcp | 0.0126308 | 26 | 82 | 2 | 0.0091783 | 26 | 82 | 10 |  
j60_8_1.rcp | 0.0094784 | 24 | 64 | 1 | 0.0054494 | 24 | 64 | 2 |  
j60_8_2.rcp | 0.0075253 | 21 | 61 | 0 | 0.0050037 | 21 | 61 | 0 |  
j60_8_3.rcp | 0.0117814 | 27 | 79 | 1 | 0.0090846 | 27 | 79 | 2 |  
j60_8_4.rcp | 0.007439 | 23 | 64 | 0 | 0.0066305 | 23 | 64 | 0 |  
j60_8_5.rcp | 0.0109444 | 21 | 83 | 5 | 0.0086734 | 21 | 83 | 7 |  
j60_8_6.rcp | 0.0087121 | 25 | 56 | 0 | 0.0068756 | 25 | 56 | 1 |  
j60_8_7.rcp | 0.0099496 | 25 | 62 | 1 | 0.0065455 | 25 | 62 | 1 |  
j60_8_8.rcp | 0.0083325 | 21 | 66 | 2 | 0.0056869 | 21 | 66 | 3 |  
j60_8_9.rcp | 0.0092305 | 23 | 58 | 0 | 0.0055009 | 23 | 58 | 0 |  
j60_8_10.rcp | 0.0088056 | 22 | 97 | 2 | 0.009015 | 22 | 97 | 4 |  
j60_9_1.rcp | 300.02142 | 617972 | -1 | 590306 | 300.00204 | 230881 | -1 | 660887 |  
j60_9_2.rcp | 300.00027 | 696887 | -1 | 231052 | 300.00446 | 149322 | -1 | 481491 |  
j60_9_3.rcp | 300.0012 | 217339 | -1 | 717587 | 300.00235 | 103933 | -1 | 377041 |  
j60_9_4.rcp | 300.00067 | 541015 | -1 | 403318 | 300.0067 | 141744 | -1 | 352861 |  
j60_9_5.rcp | 300.0002 | 881637 | -1 | 327229 | 300.00635 | 294876 | -1 | 507904 |  
j60_9_6.rcp | 300.01987 | 561459 | -1 | 376613 | 300.00287 | 172791 | -1 | 380097 |  
j60_9_7.rcp | 300.00015 | 715460 | -1 | 208174 | 300.00372 | 376035 | -1 | 227141 |  
j60_9_8.rcp | 300.00012 | 650191 | -1 | 267340 | 300.01248 | 178472 | -1 | 482267 |  
j60_9_9.rcp | 300.0003 | 509821 | -1 | 247979 | 300.00006 | 118676 | -1 | 445742 |  
j60_9_10.rcp | 300.00006 | 1499588 | -1 | 293591 | 300.00012 | 82619 | -1 | 414439 |  
j60_10_1.rcp | 300.00027 | 305279 | -1 | 65275 | 300.00275 | 218317 | -1 | 350880 |  
j60_10_2.rcp | 300.00507 | 637261 | -1 | 92220 | 300.00018 | 1038050 | -1 | 114097 |  
j60_10_3.rcp | 300.00208 | 366387 | -1 | 162764 | 300.0107 | 336554 | -1 | 353492 |  
j60_10_4.rcp | 0.0373323 | 26 | 80 | 10 | 0.0295421 | 26 | 80 | 26 |  
j60_10_5.rcp | 300.00034 | 511565 | -1 | 248799 | 300.0011 | 355576 | -1 | 862648 |  
j60_10_6.rcp | 300.00015 | 352295 | -1 | 149870 | 300.00784 | 263209 | -1 | 419059 |  
j60_10_7.rcp | 300.002 | 465626 | -1 | 117087 | 300.0255 | 427344 | -1 | 348779 |  
j60_10_8.rcp | 110.260864 | 151852 | 65 | 20469 | 143.1691 | 151528 | 65 | 118684 |  
j60_10_9.rcp | 300.02014 | 418437 | -1 | 80959 | 300.02032 | 303278 | -1 | 223958 |  
j60_10_10.rcp | 300.02496 | 369594 | -1 | 135563 | 300.01572 | 346060 | -1 | 399614 |  
j60_11_1.rcp | 0.0393974 | 24 | 71 | 13 | 0.0204348 | 24 | 71 | 27 |  
j60_11_2.rcp | 0.0377102 | 55 | 61 | 6 | 0.027042 | 55 | 61 | 10 |  
j60_11_3.rcp | 0.019733 | 20 | 76 | 4 | 0.0155172 | 20 | 76 | 5 |  
j60_11_4.rcp | 300.0183 | 406271 | -1 | 50506 | 300.0134 | 471524 | -1 | 208958 |  
j60_11_5.rcp | 2.018159 | 2455 | 65 | 283 | 2.1312072 | 2419 | 65 | 1420 |  
j60_11_6.rcp | 0.0238999 | 30 | 70 | 0 | 0.018346 | 30 | 70 | 3 |  
j60_11_7.rcp | 0.0211376 | 21 | 70 | 7 | 0.0192001 | 21 | 70 | 11 |  
j60_11_8.rcp | 0.0322946 | 24 | 69 | 2 | 0.0186575 | 24 | 69 | 6 |  
j60_11_9.rcp | 0.0184863 | 21 | 62 | 3 | 0.0140984 | 21 | 62 | 10 |  
j60_11_10.rcp | 0.0288794 | 38 | 58 | 0 | 0.023272 | 38 | 58 | 11 |  
j60_12_1.rcp | 0.0146192 | 23 | 59 | 0 | 0.0102784 | 23 | 59 | 1 |  
j60_12_2.rcp | 0.0169001 | 25 | 58 | 0 | 0.011685 | 25 | 58 | 2 |  
j60_12_3.rcp | 0.0136857 | 21 | 75 | 0 | 0.0094402 | 21 | 75 | 0 |  
j60_12_4.rcp | 0.0185751 | 22 | 69 | 0 | 0.0117116 | 22 | 69 | 0 |  
j60_12_5.rcp | 0.0183502 | 23 | 63 | 1 | 0.0166742 | 23 | 63 | 3 |  
j60_12_6.rcp | 0.0188408 | 27 | 54 | 0 | 0.015959 | 27 | 54 | 1 |  
j60_12_7.rcp | 0.0146055 | 24 | 71 | 0 | 0.0105706 | 24 | 71 | 0 |  
j60_12_8.rcp | 0.0135307 | 22 | 60 | 0 | 0.0094045 | 22 | 60 | 0 |  
j60_12_9.rcp | 0.0148963 | 19 | 59 | 2 | 0.009551 | 19 | 59 | 2 |  
j60_12_10.rcp | 0.0159095 | 24 | 79 | 1 | 0.0117539 | 24 | 79 | 2 |  
j60_13_1.rcp | 300.01813 | 550634 | -1 | 58734 | 300.02942 | 83067 | -1 | 225107 |  
j60_13_2.rcp | 300.0121 | 260562 | -1 | 134809 | 300.01578 | 220490 | -1 | 191711 |  
j60_13_3.rcp | 300.0107 | 421867 | -1 | 27264 | 300.01733 | 122313 | -1 | 161182 |  
j60_13_4.rcp | 300.01785 | 910358 | -1 | 993 | 300.01486 | 187386 | -1 | 381477 |  
j60_13_5.rcp | 300.0205 | 372170 | -1 | 145147 | 300.0159 | 95081 | -1 | 229028 |  
j60_13_6.rcp | 300.0176 | 271177 | -1 | 156987 | 300.01895 | 127141 | -1 | 237277 |  
j60_13_7.rcp | 300.01797 | 598549 | -1 | 156609 | 300.0127 | 74276 | -1 | 110755 |  
j60_13_8.rcp | 300.00055 | 340881 | -1 | 158995 | 300.00064 | 184016 | -1 | 220449 |  
j60_13_9.rcp | 300.00964 | 468639 | -1 | 23246 | 300.01843 | 217389 | -1 | 303790 |  
j60_13_10.rcp | 300.01904 | 395427 | -1 | 67833 | 300.00894 | 366108 | -1 | 70930 |  
j60_14_1.rcp | 300.02267 | 309188 | -1 | 94247 | 300.01007 | 290711 | -1 | 244446 |  
j60_14_2.rcp | 300.0164 | 188681 | -1 | 213555 | 300.00076 | 167532 | -1 | 350603 |  
j60_14_3.rcp | 300.0196 | 370364 | -1 | 9771 | 300.01382 | 251216 | -1 | 187491 |  
j60_14_4.rcp | 300.00873 | 417192 | -1 | 103974 | 300.00177 | 163433 | -1 | 402217 |  
j60_14_5.rcp | 300.01236 | 239270 | -1 | 96501 | 300.00076 | 190979 | -1 | 317468 |  
j60_14_6.rcp | 300.00076 | 262143 | -1 | 105427 | 300.0131 | 254805 | -1 | 227607 |  
j60_14_7.rcp | 300.00018 | 226807 | -1 | 76278 | 300.00037 | 180562 | -1 | 536562 |  
j60_14_8.rcp | 0.0661999 | 32 | 88 | 8 | 0.0454375 | 32 | 88 | 24 |  
j60_14_9.rcp | 300.00223 | 241831 | -1 | 192844 | 300.0008 | 205863 | -1 | 518952 |  
j60_14_10.rcp | 300.00073 | 284085 | -1 | 211699 | 300.007 | 93600 | -1 | 381319 |  
j60_15_1.rcp | 0.0347031 | 22 | 84 | 3 | 0.0240635 | 22 | 84 | 4 |  
j60_15_2.rcp | 0.0328197 | 20 | 89 | 1 | 0.0262222 | 20 | 89 | 9 |  
j60_15_3.rcp | 0.0393316 | 37 | 72 | 5 | 0.0355993 | 37 | 72 | 10 |  
j60_15_4.rcp | 0.0608525 | 48 | 75 | 10 | 0.0524196 | 48 | 75 | 7 |  
j60_15_5.rcp | 38.342827 | 38495 | 70 | 8758 | 30.85172 | 38495 | 70 | 25587 |  
j60_15_6.rcp | 0.0338157 | 23 | 76 | 1 | 0.0262777 | 23 | 76 | 6 |  
j60_15_7.rcp | 78.5026 | 60080 | 64 | 23838 | 28.680285 | 27716 | 64 | 23166 |  
j60_15_8.rcp | 1.7555373 | 1755 | 79 | 6 | 1.4726573 | 1755 | 79 | 351 |  
j60_15_9.rcp | 0.0294865 | 29 | 72 | 1 | 0.0221063 | 29 | 72 | 2 |  
j60_15_10.rcp | 0.0299681 | 24 | 61 | 0 | 0.0184353 | 24 | 61 | 1 |  
j60_16_1.rcp | 0.0192502 | 21 | 64 | 0 | 0.0137198 | 21 | 64 | 0 |  
j60_16_2.rcp | 0.0185609 | 22 | 64 | 0 | 0.0131384 | 22 | 64 | 0 |  
j60_16_3.rcp | 0.0258755 | 25 | 53 | 0 | 0.0168713 | 25 | 53 | 0 |  
j60_16_4.rcp | 0.029303 | 26 | 60 | 0 | 0.0180678 | 26 | 60 | 1 |  
j60_16_5.rcp | 0.0210517 | 23 | 66 | 0 | 0.0136744 | 23 | 66 | 0 |  
j60_16_6.rcp | 0.0239867 | 25 | 66 | 0 | 0.0167112 | 25 | 66 | 0 |  
j60_16_7.rcp | 0.0311082 | 25 | 82 | 4 | 0.0212802 | 25 | 82 | 5 |  
j60_16_8.rcp | 0.0213206 | 24 | 68 | 0 | 0.01523 | 24 | 68 | 0 |  
j60_16_9.rcp | 0.0256852 | 27 | 54 | 1 | 0.0171798 | 27 | 54 | 1 |  
j60_16_10.rcp | 0.0215872 | 22 | 68 | 0 | 0.0158551 | 22 | 68 | 1 |  
j60_17_1.rcp | 300.02206 | 1337646 | -1 | 1950030 | 300.00052 | 1114978 | -1 | 2198360 |  
j60_17_2.rcp | 300.00824 | 2992923 | -1 | 640007 | 300.00006 | 2997551 | -1 | 681472 |  
j60_17_3.rcp | 300.0003 | 1161664 | -1 | 2543726 | 300.01245 | 970290 | -1 | 1329056 |  
j60_17_4.rcp | 0.0330682 | 38 | 71 | 67 | 0.0090046 | 38 | 71 | 70 |  
j60_17_5.rcp | 58.47349 | 436491 | 59 | 127204 | 61.58738 | 436491 | 59 | 202311 |  
j60_17_6.rcp | 300.0189 | 1588227 | -1 | 1305944 | 300.00674 | 1444581 | -1 | 1566179 |  
j60_17_7.rcp | 0.0191002 | 42 | 83 | 87 | 0.0106595 | 42 | 83 | 98 |  
j60_17_8.rcp | 300.00046 | 1233273 | -1 | 2747323 | 300.00113 | 757489 | -1 | 2517588 |  
j60_17_9.rcp | 0.015783 | 57 | 76 | 49 | 0.0140598 | 57 | 76 | 76 |  
j60_17_10.rcp | 4.0176144 | 29696 | 72 | 53284 | 4.4817576 | 30608 | 72 | 64680 |  
j60_18_1.rcp | 0.0060206 | 26 | 81 | 9 | 0.0051449 | 26 | 81 | 16 |  
j60_18_2.rcp | 0.0042757 | 28 | 69 | 13 | 0.0046307 | 28 | 69 | 21 |  
j60_18_3.rcp | 0.0043327 | 26 | 77 | 8 | 0.0163571 | 26 | 77 | 16 |  
j60_18_4.rcp | 0.0147237 | 19 | 71 | 6 | 0.0046812 | 19 | 71 | 15 |  
j60_18_5.rcp | 0.0070737 | 28 | 80 | 11 | 0.004253 | 28 | 80 | 16 |  
j60_18_6.rcp | 0.0070135 | 24 | 61 | 9 | 0.0037813 | 24 | 61 | 13 |  
j60_18_7.rcp | 0.0074242 | 38 | 93 | 9 | 0.0085294 | 38 | 93 | 18 |  
j60_18_8.rcp | 0.0043933 | 28 | 78 | 12 | 0.0045386 | 28 | 78 | 18 |  
j60_18_9.rcp | 0.0041499 | 36 | 69 | 9 | 0.005322 | 36 | 69 | 18 |  
j60_18_10.rcp | 0.0048527 | 30 | 97 | 4 | 0.003732 | 30 | 97 | 9 |  
j60_19_1.rcp | 0.0038833 | 28 | 62 | 5 | 0.0039487 | 28 | 62 | 5 |  
j60_19_2.rcp | 0.0040331 | 25 | 83 | 10 | 0.003959 | 25 | 83 | 14 |  
j60_19_3.rcp | 0.0052502 | 34 | 83 | 7 | 0.0053571 | 34 | 83 | 11 |  
j60_19_4.rcp | 0.0033831 | 26 | 67 | 7 | 0.0025821 | 26 | 67 | 10 |  
j60_19_5.rcp | 0.0033776 | 22 | 73 | 3 | 0.0031634 | 22 | 73 | 7 |  
j60_19_6.rcp | 0.0037007 | 21 | 69 | 4 | 0.0036546 | 21 | 69 | 6 |  
j60_19_7.rcp | 0.0043812 | 31 | 60 | 7 | 0.0037171 | 31 | 60 | 8 |  
j60_19_8.rcp | 0.0068644 | 40 | 87 | 12 | 0.0087843 | 40 | 87 | 18 |  
j60_19_9.rcp | 0.0058958 | 35 | 69 | 5 | 0.0055323 | 35 | 69 | 12 |  
j60_19_10.rcp | 0.0039911 | 28 | 78 | 6 | 0.0035286 | 28 | 78 | 10 |  
j60_20_1.rcp | 0.0024694 | 22 | 60 | 1 | 0.0019543 | 22 | 60 | 2 |  
j60_20_2.rcp | 0.0027959 | 21 | 78 | 3 | 0.0024981 | 21 | 78 | 5 |  
j60_20_3.rcp | 0.0029462 | 21 | 69 | 2 | 0.0027331 | 21 | 69 | 4 |  
j60_20_4.rcp | 0.0026123 | 24 | 86 | 0 | 0.0023013 | 24 | 86 | 1 |  
j60_20_5.rcp | 0.0029197 | 25 | 71 | 0 | 0.0026251 | 25 | 71 | 0 |  
j60_20_6.rcp | 0.0031264 | 26 | 97 | 0 | 0.0028378 | 26 | 97 | 1 |  
j60_20_7.rcp | 0.0025288 | 20 | 74 | 0 | 0.0020599 | 20 | 74 | 0 |  
j60_20_8.rcp | 0.0034066 | 28 | 65 | 1 | 0.0027558 | 28 | 65 | 3 |  
j60_20_9.rcp | 0.0033645 | 23 | 74 | 4 | 0.0035593 | 23 | 74 | 6 |  
j60_20_10.rcp | 0.0032181 | 25 | 70 | 1 | 0.0024446 | 25 | 70 | 1 |  
j60_21_1.rcp | 300.02185 | 585475 | -1 | 908494 | 300.01114 | 312023 | -1 | 724956 |  
j60_21_2.rcp | 300.01035 | 314492 | -1 | 873755 | 300.0084 | 341467 | -1 | 827664 |  
j60_21_3.rcp | 300.001 | 381110 | -1 | 1000948 | 300.00253 | 297633 | -1 | 930902 |  
j60_21_4.rcp | 300.01578 | 676623 | -1 | 859662 | 300.00452 | 406072 | -1 | 1048921 |  
j60_21_5.rcp | 300.00064 | 638982 | -1 | 1010583 | 300.01813 | 322122 | -1 | 1546027 |  
j60_21_6.rcp | 300.0051 | 777809 | -1 | 583131 | 300.0002 | 208742 | -1 | 1025950 |  
j60_21_7.rcp | 300.0075 | 1042977 | -1 | 688647 | 300.0094 | 268715 | -1 | 427486 |  
j60_21_8.rcp | 300.00058 | 2052541 | -1 | 432272 | 300.00464 | 230998 | -1 | 923681 |  
j60_21_9.rcp | 300.00125 | 664981 | -1 | 883913 | 300.00003 | 382181 | -1 | 915461 |  
j60_21_10.rcp | 300.00455 | 804354 | -1 | 575082 | 300.0123 | 584284 | -1 | 774696 |  
j60_22_1.rcp | 300.0005 | 599454 | -1 | 369626 | 300.00998 | 699049 | -1 | 614077 |  
j60_22_2.rcp | 0.0487913 | 49 | 83 | 17 | 0.0190243 | 49 | 83 | 30 |  
j60_22_3.rcp | 300.00073 | 770335 | -1 | 263416 | 300.00882 | 726161 | -1 | 560145 |  
j60_22_4.rcp | 300.01236 | 436005 | -1 | 227154 | 300.00607 | 384533 | -1 | 507660 |  
j60_22_5.rcp | 0.0387587 | 22 | 76 | 16 | 0.0137466 | 22 | 76 | 26 |  
j60_22_6.rcp | 300.01556 | 881279 | -1 | 58187 | 300.01184 | 961269 | -1 | 80485 |  
j60_22_7.rcp | 25.10971 | 77671 | 69 | 37270 | 25.019258 | 77671 | 69 | 82634 |  
j60_22_8.rcp | 0.6838646 | 1276 | 59 | 519 | 0.6480625 | 1274 | 59 | 885 |  
j60_22_9.rcp | 0.016024 | 35 | 65 | 18 | 0.0142788 | 35 | 65 | 23 |  
j60_22_10.rcp | 38.509293 | 129469 | 70 | 33001 | 38.832058 | 129295 | 70 | 70720 |  
j60_23_1.rcp | 17.893055 | 57344 | 75 | 6474 | 13.772446 | 57344 | 75 | 21878 |  
j60_23_2.rcp | 0.0138719 | 29 | 69 | 6 | 0.0110064 | 29 | 69 | 8 |  
j60_23_3.rcp | 0.0165188 | 33 | 78 | 1 | 0.0142226 | 33 | 78 | 5 |  
j60_23_4.rcp | 0.0131402 | 26 | 83 | 8 | 0.0105015 | 26 | 83 | 16 |  
j60_23_5.rcp | 0.0083165 | 22 | 72 | 1 | 0.0063709 | 22 | 72 | 2 |  
j60_23_6.rcp | 0.0142769 | 25 | 81 | 12 | 0.0132539 | 25 | 81 | 21 |  
j60_23_7.rcp | 0.0142393 | 24 | 60 | 5 | 0.0111836 | 24 | 60 | 11 |  
j60_23_8.rcp | 0.0235853 | 39 | 72 | 14 | 0.0163834 | 39 | 72 | 14 |  
j60_23_9.rcp | 0.0146779 | 21 | 64 | 8 | 0.0119769 | 21 | 64 | 15 |  
j60_23_10.rcp | 0.0121898 | 26 | 68 | 6 | 0.0103741 | 26 | 68 | 12 |  
j60_24_1.rcp | 0.0080439 | 21 | 65 | 3 | 0.0060292 | 21 | 65 | 6 |  
j60_24_2.rcp | 0.0084256 | 24 | 55 | 0 | 0.0054269 | 24 | 55 | 0 |  
j60_24_3.rcp | 0.0082743 | 23 | 67 | 0 | 0.0061935 | 23 | 67 | 2 |  
j60_24_4.rcp | 0.0084793 | 25 | 78 | 1 | 0.0062943 | 25 | 78 | 2 |  
j60_24_5.rcp | 0.009155 | 20 | 76 | 4 | 0.0073829 | 20 | 76 | 9 |  
j60_24_6.rcp | 0.0087491 | 24 | 75 | 0 | 0.006266 | 24 | 75 | 2 |  
j60_24_7.rcp | 0.0093444 | 20 | 68 | 5 | 0.0087559 | 20 | 68 | 6 |  
j60_24_8.rcp | 0.0085401 | 23 | 81 | 1 | 0.007129 | 23 | 81 | 8 |  
j60_24_9.rcp | 0.0155278 | 28 | 80 | 4 | 0.0128408 | 28 | 80 | 9 |  
j60_24_10.rcp | 0.010827 | 24 | 66 | 0 | 0.0084026 | 24 | 66 | 0 |  
j60_25_1.rcp | 300.00464 | 632134 | -1 | 556193 | 300.004 | 192498 | -1 | 374893 |  
j60_25_2.rcp | 300.0119 | 593839 | -1 | 680162 | 300.0007 | 159205 | -1 | 463849 |  
j60_25_3.rcp | 300.00095 | 385147 | -1 | 619894 | 300.0273 | 96955 | -1 | 272535 |  
j60_25_4.rcp | 300.00018 | 406759 | -1 | 1142620 | 300.01025 | 158900 | -1 | 476176 |  
j60_25_5.rcp | 300.012 | 463129 | -1 | 211657 | 300.00385 | 137131 | -1 | 374856 |  
j60_25_6.rcp | 300.00067 | 732187 | -1 | 424530 | 300.0129 | 128274 | -1 | 410918 |  
j60_25_7.rcp | 300.01346 | 319788 | -1 | 596812 | 300.0134 | 108374 | -1 | 533997 |  
j60_25_8.rcp | 300.0003 | 867068 | -1 | 234350 | 300.00058 | 180368 | -1 | 385865 |  
j60_25_9.rcp | 300.0001 | 581606 | -1 | 335254 | 300.0084 | 167729 | -1 | 376554 |  
j60_25_10.rcp | 300.00595 | 456701 | -1 | 208299 | 300.00256 | 607433 | -1 | 158708 |  
j60_26_1.rcp | 300.01422 | 408481 | -1 | 14806 | 300.00098 | 421937 | -1 | 95725 |  
j60_26_2.rcp | 300.0003 | 253951 | -1 | 70378 | 300.00012 | 229652 | -1 | 166006 |  
j60_26_3.rcp | 300.00018 | 293723 | -1 | 236038 | 300.0001 | 322234 | -1 | 181127 |  
j60_26_4.rcp | 300.01273 | 292291 | -1 | 368600 | 300.00168 | 237897 | -1 | 322686 |  
j60_26_5.rcp | 300.0006 | 424835 | -1 | 148432 | 300.0068 | 295816 | -1 | 538644 |  
j60_26_6.rcp | 300.0008 | 302377 | -1 | 227085 | 300.00146 | 306350 | -1 | 354301 |  
j60_26_7.rcp | 0.1418713 | 131 | 72 | 57 | 0.1220852 | 131 | 72 | 122 |  
j60_26_8.rcp | 300.01184 | 271594 | -1 | 198054 | 300.0054 | 228081 | -1 | 481265 |  
j60_26_9.rcp | 300.00024 | 542777 | -1 | 45879 | 300.0005 | 520030 | -1 | 126080 |  
j60_26_10.rcp | 0.0312508 | 23 | 85 | 6 | 0.0208312 | 23 | 85 | 15 |  
j60_27_1.rcp | 0.0269409 | 31 | 96 | 6 | 0.021217 | 31 | 96 | 15 |  
j60_27_2.rcp | 0.0353477 | 40 | 74 | 6 | 0.0332628 | 40 | 74 | 10 |  
j60_27_3.rcp | 0.0627204 | 67 | 76 | 28 | 0.0582287 | 67 | 76 | 45 |  
j60_27_4.rcp | 0.0263044 | 24 | 60 | 4 | 0.0171065 | 24 | 60 | 8 |  
j60_27_5.rcp | 0.0199742 | 22 | 78 | 6 | 0.0178536 | 22 | 78 | 11 |  
j60_27_6.rcp | 0.0140233 | 15 | 64 | 0 | 0.0090913 | 15 | 64 | 0 |  
j60_27_7.rcp | 0.028063 | 26 | 83 | 1 | 0.0200039 | 26 | 83 | 10 |  
j60_27_8.rcp | 14.488115 | 15737 | 88 | 6705 | 12.877997 | 15737 | 88 | 12597 |  
j60_27_9.rcp | 0.0227436 | 23 | 76 | 3 | 0.0158712 | 23 | 76 | 4 |  
j60_27_10.rcp | 0.8353565 | 1931 | 57 | 6 | 0.6448518 | 1931 | 57 | 472 |  
j60_28_1.rcp | 0.0180582 | 26 | 92 | 0 | 0.0122126 | 26 | 92 | 1 |  
j60_28_2.rcp | 0.0172498 | 23 | 64 | 1 | 0.0136828 | 23 | 64 | 4 |  
j60_28_3.rcp | 0.0178556 | 25 | 72 | 3 | 0.0137699 | 25 | 72 | 9 |  
j60_28_4.rcp | 0.0231409 | 28 | 84 | 5 | 0.0164404 | 28 | 84 | 8 |  
j60_28_5.rcp | 0.0145414 | 27 | 71 | 0 | 0.009884 | 27 | 71 | 0 |  
j60_28_6.rcp | 0.0203248 | 24 | 89 | 1 | 0.0150865 | 24 | 89 | 1 |  
j60_28_7.rcp | 0.0163374 | 24 | 75 | 0 | 0.0111421 | 24 | 75 | 0 |  
j60_28_8.rcp | 0.0218022 | 24 | 62 | 1 | 0.0154148 | 24 | 62 | 5 |  
j60_28_9.rcp | 0.0156216 | 25 | 74 | 0 | 0.0115952 | 25 | 74 | 0 |  
j60_28_10.rcp | 0.0142465 | 17 | 74 | 1 | 0.0093697 | 17 | 74 | 1 |  
j60_29_1.rcp | 300.0159 | 397107 | -1 | 313282 | 300.00076 | 125712 | -1 | 223616 |  
j60_29_2.rcp | 300.0113 | 319727 | -1 | 366331 | 300.00015 | 113347 | -1 | 235895 |  
j60_29_3.rcp | 300.0017 | 209523 | -1 | 383157 | 300.02237 | 75010 | -1 | 271691 |  
j60_29_4.rcp | 300.00003 | 1056940 | -1 | 937 | 300.0036 | 126592 | -1 | 475548 |  
j60_29_5.rcp | 300.01273 | 449961 | -1 | 116937 | 300.0019 | 92657 | -1 | 164716 |  
j60_29_6.rcp | 300.01074 | 1238697 | -1 | 1 | 300.00427 | 106155 | -1 | 163060 |  
j60_29_7.rcp | 300.00623 | 838158 | -1 | 534 | 300.0131 | 245348 | -1 | 145374 |  
j60_29_8.rcp | 300.01434 | 910326 | -1 | 75668 | 300.00052 | 97393 | -1 | 275230 |  
j60_29_9.rcp | 300.00528 | 1362935 | -1 | 1195 | 300.0009 | 143787 | -1 | 270605 |  
j60_29_10.rcp | 300.00613 | 1050473 | -1 | 5 | 300.01846 | 32204 | -1 | 176268 |  
j60_30_1.rcp | 300.00763 | 251853 | -1 | 111096 | 300.01355 | 178473 | -1 | 241476 |  
j60_30_2.rcp | 300.0092 | 388125 | -1 | 243425 | 300.0014 | 163427 | -1 | 277579 |  
j60_30_3.rcp | 300.00577 | 240693 | -1 | 74337 | 300.0033 | 182849 | -1 | 305124 |  
j60_30_4.rcp | 300.01324 | 251224 | -1 | 84401 | 300.00787 | 342475 | -1 | 187856 |  
j60_30_5.rcp | 300.00046 | 216159 | -1 | 167257 | 300.0023 | 217080 | -1 | 262331 |  
j60_30_6.rcp | 300.001 | 211694 | -1 | 202267 | 300.00983 | 190530 | -1 | 417341 |  
j60_30_7.rcp | 300.00766 | 275733 | -1 | 304540 | 300.00024 | 92727 | -1 | 371938 |  
j60_30_8.rcp | 300.01062 | 257771 | -1 | 89163 | 300.00012 | 289857 | -1 | 246682 |  
j60_30_9.rcp | 300.01358 | 183188 | -1 | 122954 | 300.01157 | 207787 | -1 | 365272 |  
j60_30_10.rcp | 300.01068 | 254473 | -1 | 488947 | 300.00467 | 171737 | -1 | 230923 |  
j60_31_1.rcp | 0.31798142 | 264 | 65 | 43 | 0.2508461 | 264 | 65 | 126 |  
j60_31_2.rcp | 0.033167 | 21 | 74 | 5 | 0.0301084 | 21 | 74 | 14 |  
j60_31_3.rcp | 16.482038 | 16214 | 66 | 1888 | 13.184254 | 15632 | 66 | 6983 |  
j60_31_4.rcp | 300.00027 | 273012 | -1 | 2030 | 300.0001 | 394055 | -1 | 14330 |  
j60_31_5.rcp | 0.0285471 | 29 | 72 | 0 | 0.0219009 | 29 | 72 | 2 |  
j60_31_6.rcp | 0.0239169 | 20 | 72 | 3 | 0.0182284 | 20 | 72 | 5 |  
j60_31_7.rcp | 0.0297337 | 19 | 76 | 3 | 0.0244794 | 19 | 76 | 7 |  
j60_31_8.rcp | 0.079720095 | 62 | 75 | 12 | 0.0669108 | 62 | 75 | 53 |  
j60_31_9.rcp | 0.0396394 | 32 | 86 | 2 | 0.0245932 | 28 | 86 | 11 |  
j60_31_10.rcp | 300.0012 | 336492 | -1 | 23941 | 300.0002 | 446000 | -1 | 68671 |  
j60_32_1.rcp | 0.0397185 | 25 | 69 | 0 | 0.0190064 | 25 | 69 | 1 |  
j60_32_2.rcp | 0.0259083 | 25 | 114 | 0 | 0.0184593 | 25 | 114 | 0 |  
j60_32_3.rcp | 0.0265223 | 24 | 85 | 0 | 0.0184957 | 24 | 85 | 4 |  
j60_32_4.rcp | 0.0204893 | 23 | 56 | 0 | 0.0172107 | 23 | 56 | 0 |  
j60_32_5.rcp | 0.0344802 | 23 | 77 | 1 | 0.0222334 | 23 | 77 | 2 |  
j60_32_6.rcp | 0.0261192 | 26 | 93 | 1 | 0.0166833 | 26 | 93 | 1 |  
j60_32_7.rcp | 0.0225938 | 22 | 76 | 3 | 0.0147402 | 22 | 76 | 4 |  
j60_32_8.rcp | 0.0227296 | 25 | 76 | 0 | 0.0173189 | 25 | 76 | 0 |  
j60_32_9.rcp | 0.024104 | 21 | 74 | 0 | 0.0162107 | 21 | 74 | 2 |  
j60_32_10.rcp | 0.0199088 | 21 | 77 | 0 | 0.0164818 | 21 | 77 | 1 |  
j60_33_1.rcp | 300.0063 | 1654550 | -1 | 1170371 | 300.00006 | 1814512 | -1 | 1100541 |  
j60_33_2.rcp | 4.3167343 | 28221 | 100 | 30562 | 2.2936618 | 28221 | 100 | 5992 |  
j60_33_3.rcp | 0.0128024 | 28 | 79 | 41 | 0.0075912 | 28 | 79 | 47 |  
j60_33_4.rcp | 168.55243 | 664159 | 81 | 1098558 | 144.60559 | 664159 | 81 | 1273268 |  
j60_33_5.rcp | 300.00516 | 1803171 | -1 | 969532 | 300.0121 | 1319486 | -1 | 1700113 |  
j60_33_6.rcp | 300.01245 | 1837955 | -1 | 3303550 | 300.0113 | 1672156 | -1 | 3047093 |  
j60_33_7.rcp | 300.00012 | 1449039 | -1 | 2110840 | 300.00015 | 1127272 | -1 | 1895744 |  
j60_33_8.rcp | 300.00037 | 1885454 | -1 | 2661305 | 300.00012 | 1634222 | -1 | 2677063 |  
j60_33_9.rcp | 240.05061 | 913621 | 108 | 708027 | 300.00027 | 787029 | -1 | 1170870 |  
j60_33_10.rcp | 300.00897 | 1952277 | -1 | 1323843 | 300.007 | 1711733 | -1 | 1367048 |  
j60_34_1.rcp | 300.00882 | 2066136 | -1 | 1476820 | 300.01346 | 1887789 | -1 | 1768390 |  
j60_34_2.rcp | 0.0237575 | 29 | 68 | 18 | 0.0057444 | 29 | 68 | 17 |  
j60_34_3.rcp | 0.0049705 | 50 | 61 | 9 | 0.0056201 | 50 | 61 | 18 |  
j60_34_4.rcp | 0.0035845 | 23 | 83 | 6 | 0.0032105 | 23 | 83 | 6 |  
j60_34_5.rcp | 0.1232376 | 846 | 80 | 549 | 0.085953295 | 846 | 80 | 288 |  
j60_34_6.rcp | 0.0062891 | 33 | 81 | 10 | 0.0074619 | 33 | 81 | 26 |  
j60_34_7.rcp | 0.8876747 | 6114 | 85 | 1537 | 0.9764021 | 5896 | 85 | 2624 |  
j60_34_8.rcp | 0.0051662 | 29 | 63 | 10 | 0.0054467 | 29 | 63 | 11 |  
j60_34_9.rcp | 0.0036548 | 29 | 77 | 12 | 0.0037543 | 29 | 77 | 14 |  
j60_34_10.rcp | 0.0037966 | 30 | 92 | 15 | 0.0036004 | 30 | 92 | 21 |  
j60_35_1.rcp | 0.0043568 | 22 | 78 | 7 | 0.0026173 | 22 | 78 | 7 |  
j60_35_2.rcp | 0.0032187 | 24 | 77 | 4 | 0.0027744 | 24 | 77 | 6 |  
j60_35_3.rcp | 0.0076503 | 49 | 89 | 17 | 0.009081 | 49 | 89 | 29 |  
j60_35_4.rcp | 0.0037014 | 32 | 72 | 7 | 0.0033798 | 32 | 72 | 12 |  
j60_35_5.rcp | 0.0048582 | 29 | 76 | 7 | 0.0055032 | 29 | 76 | 10 |  
j60_35_6.rcp | 0.0039472 | 27 | 79 | 7 | 0.0034656 | 27 | 79 | 11 |  
j60_35_7.rcp | 0.002803 | 26 | 73 | 7 | 0.0025293 | 26 | 73 | 10 |  
j60_35_8.rcp | 0.0048325 | 32 | 78 | 5 | 0.0049698 | 32 | 78 | 9 |  
j60_35_9.rcp | 0.0052842 | 37 | 76 | 7 | 0.0055211 | 37 | 76 | 12 |  
j60_35_10.rcp | 0.0031805 | 28 | 71 | 1 | 0.0031028 | 28 | 71 | 2 |  
j60_36_1.rcp | 0.0026827 | 21 | 61 | 4 | 0.0023556 | 21 | 61 | 5 |  
j60_36_2.rcp | 0.003426 | 26 | 75 | 6 | 0.002991 | 26 | 75 | 8 |  
j60_36_3.rcp | 0.0032076 | 24 | 81 | 2 | 0.0025128 | 24 | 81 | 3 |  
j60_36_4.rcp | 0.0024837 | 23 | 85 | 4 | 0.0034216 | 23 | 85 | 4 |  
j60_36_5.rcp | 0.0025592 | 21 | 57 | 4 | 0.0021434 | 21 | 57 | 8 |  
j60_36_6.rcp | 0.0024583 | 19 | 76 | 2 | 0.0027878 | 19 | 76 | 2 |  
j60_36_7.rcp | 0.0026011 | 22 | 71 | 1 | 0.0021038 | 22 | 71 | 1 |  
j60_36_8.rcp | 0.003273 | 21 | 69 | 0 | 0.0020325 | 21 | 69 | 0 |  
j60_36_9.rcp | 0.002542 | 26 | 86 | 0 | 0.0059308 | 26 | 86 | 1 |  
j60_36_10.rcp | 0.0047304 | 26 | 77 | 2 | 0.0034847 | 26 | 77 | 3 |  
j60_37_1.rcp | 300.0122 | 361375 | -1 | 1163320 | 300.01443 | 228386 | -1 | 836018 |  
j60_37_2.rcp | 300.0138 | 851261 | -1 | 649389 | 300.0134 | 419312 | -1 | 836015 |  
j60_37_3.rcp | 300.0115 | 1094570 | -1 | 543532 | 300.01123 | 373036 | -1 | 681644 |  
j60_37_4.rcp | 300.00717 | 441538 | -1 | 1061233 | 300.01047 | 336993 | -1 | 750264 |  
j60_37_5.rcp | 300.01147 | 321932 | -1 | 678549 | 300.00964 | 272702 | -1 | 801072 |  
j60_37_6.rcp | 300.00113 | 1313082 | -1 | 581801 | 300.0143 | 537103 | -1 | 840974 |  
j60_37_7.rcp | 300.01343 | 418248 | -1 | 957958 | 300.01013 | 300800 | -1 | 775613 |  
j60_37_8.rcp | 300.0015 | 282257 | -1 | 1271556 | 300.0019 | 186386 | -1 | 1072958 |  
j60_37_9.rcp | 300.0106 | 370176 | -1 | 1140499 | 300.00046 | 320396 | -1 | 1243098 |  
j60_37_10.rcp | 300.00967 | 314336 | -1 | 542641 | 300.01123 | 312864 | -1 | 611211 |  
j60_38_1.rcp | 300.01016 | 878839 | -1 | 268923 | 300.00723 | 787348 | -1 | 598127 |  
j60_38_2.rcp | 300.0003 | 535105 | -1 | 206748 | 300.00098 | 379575 | -1 | 619221 |  
j60_38_3.rcp | 300.00006 | 966714 | -1 | 1742 | 300.0006 | 1078232 | -1 | 73798 |  
j60_38_4.rcp | 5.7304573 | 12919 | 58 | 4399 | 6.7761927 | 12911 | 58 | 12386 |  
j60_38_5.rcp | 0.0141163 | 23 | 103 | 12 | 0.0146868 | 23 | 103 | 24 |  
j60_38_6.rcp | 0.0160566 | 36 | 86 | 13 | 0.0165998 | 36 | 86 | 30 |  
j60_38_7.rcp | 0.0195589 | 46 | 74 | 6 | 0.0186601 | 46 | 74 | 21 |  
j60_38_8.rcp | 16.645868 | 32829 | 71 | 8945 | 16.105955 | 32829 | 71 | 9496 |  
j60_38_9.rcp | 0.012229 | 23 | 66 | 6 | 0.0127207 | 23 | 66 | 10 |  
j60_38_10.rcp | 300.00192 | 706711 | -1 | 244611 | 300.00018 | 727361 | -1 | 457723 |  
j60_39_1.rcp | 0.0239436 | 37 | 80 | 5 | 0.0138578 | 37 | 80 | 10 |  
j60_39_2.rcp | 0.0105176 | 23 | 84 | 4 | 0.0103059 | 23 | 84 | 9 |  
j60_39_3.rcp | 0.0139496 | 23 | 83 | 16 | 0.0137445 | 23 | 83 | 25 |  
j60_39_4.rcp | 0.0137892 | 25 | 92 | 6 | 0.0108022 | 25 | 92 | 16 |  
j60_39_5.rcp | 0.014337 | 29 | 73 | 8 | 0.0120477 | 29 | 73 | 14 |  
j60_39_6.rcp | 0.0466588 | 99 | 84 | 29 | 0.0485139 | 99 | 84 | 47 |  
j60_39_7.rcp | 0.0165308 | 28 | 68 | 10 | 0.0107905 | 28 | 68 | 17 |  
j60_39_8.rcp | 0.011393 | 21 | 77 | 1 | 0.01048 | 21 | 77 | 3 |  
j60_39_9.rcp | 0.0098897 | 19 | 72 | 4 | 0.0073379 | 19 | 72 | 6 |  
j60_39_10.rcp | 0.0118605 | 27 | 74 | 6 | 0.0086537 | 27 | 74 | 10 |  
j60_40_1.rcp | 0.0083949 | 23 | 86 | 1 | 0.0059684 | 23 | 86 | 3 |  
j60_40_2.rcp | 0.0095353 | 22 | 81 | 1 | 0.0085221 | 22 | 81 | 1 |  
j60_40_3.rcp | 0.0085732 | 21 | 70 | 0 | 0.0055707 | 21 | 70 | 0 |  
j60_40_4.rcp | 0.0094216 | 23 | 87 | 2 | 0.0086822 | 23 | 87 | 4 |  
j60_40_5.rcp | 0.009344 | 23 | 83 | 0 | 0.0067847 | 23 | 83 | 3 |  
j60_40_6.rcp | 0.0089014 | 23 | 69 | 2 | 0.0054089 | 23 | 69 | 4 |  
j60_40_7.rcp | 0.009975 | 20 | 68 | 1 | 0.0074158 | 20 | 68 | 2 |  
j60_40_8.rcp | 0.0090089 | 24 | 80 | 0 | 0.0070366 | 24 | 80 | 4 |  
j60_40_9.rcp | 0.0097591 | 27 | 90 | 0 | 0.0086689 | 27 | 90 | 2 |  
j60_40_10.rcp | 0.0096866 | 22 | 73 | 2 | 0.007176 | 22 | 73 | 3 |  
j60_41_1.rcp | 300.00952 | 232796 | -1 | 794574 | 300.00055 | 128491 | -1 | 520450 |  
j60_41_2.rcp | 300.0003 | 278387 | -1 | 477621 | 300.00116 | 98082 | -1 | 386829 |  
j60_41_3.rcp | 300.00003 | 2054090 | -1 | 38563 | 300.00162 | 185774 | -1 | 502030 |  
j60_41_4.rcp | 300.00015 | 207282 | -1 | 483331 | 300.00433 | 195202 | -1 | 422890 |  
j60_41_5.rcp | 300.00037 | 460926 | -1 | 401017 | 300.00317 | 189783 | -1 | 484598 |  
j60_41_6.rcp | 300.01407 | 889460 | -1 | 581400 | 300.00342 | 227790 | -1 | 749074 |  
j60_41_7.rcp | 300.0057 | 435473 | -1 | 607037 | 300.01016 | 199218 | -1 | 487763 |  
j60_41_8.rcp | 300.0002 | 277630 | -1 | 722501 | 300.00186 | 112685 | -1 | 538135 |  
j60_41_9.rcp | 300.00095 | 318928 | -1 | 512420 | 300.00067 | 139544 | -1 | 359274 |  
j60_41_10.rcp | 300.0056 | 605065 | -1 | 257266 | 300.02087 | 308004 | -1 | 515107 |  
j60_42_1.rcp | 22.205284 | 22951 | 83 | 18583 | 18.93148 | 22951 | 83 | 27550 |  
j60_42_2.rcp | 2.0888476 | 2747 | 68 | 2060 | 2.0714922 | 2359 | 68 | 4710 |  
j60_42_3.rcp | 300.01294 | 292403 | -1 | 356212 | 300.0107 | 190411 | -1 | 434529 |  
j60_42_4.rcp | 300.00436 | 329973 | -1 | 90351 | 300.01624 | 223079 | -1 | 644941 |  
j60_42_5.rcp | 0.0571359 | 65 | 73 | 20 | 0.0323324 | 65 | 73 | 35 |  
j60_42_6.rcp | 300.0014 | 444913 | -1 | 166811 | 300.0017 | 415492 | -1 | 322815 |  
j60_42_7.rcp | 300.00064 | 240743 | -1 | 475702 | 300.01132 | 137902 | -1 | 744996 |  
j60_42_8.rcp | 300.00012 | 359333 | -1 | 57518 | 300.00122 | 322720 | -1 | 118703 |  
j60_42_9.rcp | 300.00168 | 359705 | -1 | 140523 | 300.00363 | 328578 | -1 | 418293 |  
j60_42_10.rcp | 300.0036 | 315599 | -1 | 195387 | 300.00848 | 267185 | -1 | 323419 |  
j60_43_1.rcp | 300.01382 | 357895 | -1 | 74800 | 300.0014 | 343153 | -1 | 568755 |  
j60_43_2.rcp | 300.00064 | 364130 | -1 | 216299 | 300.00092 | 390026 | -1 | 386710 |  
j60_43_3.rcp | 0.0281273 | 26 | 74 | 1 | 0.0142468 | 26 | 74 | 1 |  
j60_43_4.rcp | 300.01474 | 427849 | -1 | 0 | 300.0106 | 482321 | -1 | 0 |  
j60_43_5.rcp | 300.01047 | 484017 | -1 | 319387 | 300.00473 | 683461 | -1 | 551980 |  
j60_43_6.rcp | 15.768016 | 22410 | 84 | 383 | 9.964478 | 22410 | 84 | 1720 |  
j60_43_7.rcp | 0.0329141 | 29 | 89 | 8 | 0.0267607 | 29 | 89 | 18 |  
j60_43_8.rcp | 0.0293614 | 24 | 69 | 1 | 0.0160639 | 24 | 69 | 6 |  
j60_43_9.rcp | 300.0105 | 417837 | -1 | 23174 | 300.0135 | 479018 | -1 | 53371 |  
j60_43_10.rcp | 3.864984 | 4220 | 78 | 1750 | 2.7965732 | 4220 | 78 | 2845 |  
j60_44_1.rcp | 0.022837 | 27 | 84 | 0 | 0.0129044 | 27 | 84 | 0 |  
j60_44_2.rcp | 0.0174169 | 22 | 68 | 1 | 0.0123142 | 22 | 68 | 1 |  
j60_44_3.rcp | 0.0171838 | 26 | 87 | 0 | 0.0118222 | 26 | 87 | 0 |  
j60_44_4.rcp | 0.0153959 | 22 | 77 | 0 | 0.0102755 | 22 | 77 | 0 |  
j60_44_5.rcp | 0.022632 | 26 | 74 | 1 | 0.0166029 | 26 | 74 | 2 |  
j60_44_6.rcp | 0.0156187 | 24 | 81 | 0 | 0.0109376 | 24 | 81 | 0 |  
j60_44_7.rcp | 0.0160365 | 19 | 76 | 0 | 0.0118078 | 19 | 76 | 0 |  
j60_44_8.rcp | 0.0186554 | 22 | 83 | 1 | 0.0157148 | 22 | 83 | 3 |  
j60_44_9.rcp | 0.0135369 | 22 | 65 | 0 | 0.0103527 | 22 | 65 | 0 |  
j60_44_10.rcp | 0.0152309 | 20 | 65 | 2 | 0.0101304 | 20 | 65 | 7 |  
j60_45_1.rcp | 300.00504 | 570834 | -1 | 170464 | 300.02432 | 125958 | -1 | 330269 |  
j60_45_2.rcp | 300.0052 | 1148963 | -1 | 4492 | 300.0014 | 161320 | -1 | 226404 |  
j60_45_3.rcp | 300.00006 | 1264358 | -1 | 263 | 300.00305 | 97100 | -1 | 168645 |  
j60_45_4.rcp | 300.00046 | 817556 | -1 | 66667 | 300.02405 | 219347 | -1 | 316303 |  
j60_45_5.rcp | 300.00165 | 644484 | -1 | 152433 | 300.01248 | 102336 | -1 | 308618 |  
j60_45_6.rcp | 300.01184 | 477692 | -1 | 122900 | 300.01382 | 65142 | -1 | 268236 |  
j60_45_7.rcp | 300.00467 | 716246 | -1 | 28956 | 300.0099 | 149618 | -1 | 245282 |  
j60_45_8.rcp | 300.00662 | 540261 | -1 | 229254 | 300.0121 | 56719 | -1 | 255955 |  
j60_45_9.rcp | 300.00046 | 747957 | -1 | 104995 | 300.00046 | 131091 | -1 | 327852 |  
j60_45_10.rcp | 300.0046 | 874425 | -1 | 7826 | 300.00046 | 111401 | -1 | 439310 |  
j60_46_1.rcp | 300.0018 | 280442 | -1 | 12618 | 300.00104 | 247848 | -1 | 144227 |  
j60_46_2.rcp | 300.00598 | 226059 | -1 | 177245 | 300.00577 | 190536 | -1 | 301853 |  
j60_46_3.rcp | 300.0063 | 183642 | -1 | 293941 | 300.01218 | 161841 | -1 | 511077 |  
j60_46_4.rcp | 300.00955 | 326667 | -1 | 64016 | 300.00845 | 232994 | -1 | 221512 |  
j60_46_5.rcp | 300.005 | 290860 | -1 | 181830 | 300.0023 | 106433 | -1 | 479768 |  
j60_46_6.rcp | 300.00458 | 170475 | -1 | 273497 | 300.0009 | 114015 | -1 | 394897 |  
j60_46_7.rcp | 300.0037 | 178672 | -1 | 109510 | 300.023 | 144676 | -1 | 244753 |  
j60_46_8.rcp | 300.0108 | 227007 | -1 | 92694 | 300.01343 | 208318 | -1 | 181862 |  
j60_46_9.rcp | 300.00613 | 344145 | -1 | 207012 | 300.0122 | 255547 | -1 | 331192 |  
j60_46_10.rcp | 300.00342 | 231385 | -1 | 111844 | 300.0036 | 219906 | -1 | 58619 |  
j60_47_1.rcp | 0.18672471 | 166 | 75 | 0 | 0.114360705 | 166 | 75 | 42 |  
j60_47_2.rcp | 39.1226 | 31422 | 66 | 3736 | 32.551483 | 31404 | 66 | 5424 |  
j60_47_3.rcp | 0.022246 | 18 | 69 | 1 | 0.018588 | 18 | 69 | 4 |  
j60_47_4.rcp | 0.0335252 | 24 | 76 | 0 | 0.0286862 | 24 | 76 | 8 |  
j60_47_5.rcp | 300.00073 | 239039 | -1 | 146268 | 300.00052 | 254242 | -1 | 318791 |  
j60_47_6.rcp | 0.0492096 | 42 | 76 | 1 | 0.035298 | 42 | 76 | 7 |  
j60_47_7.rcp | 119.52824 | 114414 | 68 | 10184 | 117.268166 | 114414 | 68 | 49618 |  
j60_47_8.rcp | 192.71878 | 184295 | 71 | 13308 | 157.08502 | 178943 | 71 | 53292 |  
j60_47_9.rcp | 3.7916887 | 3715 | 76 | 233 | 2.6857944 | 3523 | 76 | 546 |  
j60_47_10.rcp | 75.212234 | 64934 | 66 | 28140 | 58.95302 | 58094 | 66 | 64815 |  
j60_48_1.rcp | 0.0211363 | 23 | 71 | 0 | 0.0135383 | 23 | 71 | 1 |  
j60_48_2.rcp | 0.0224635 | 21 | 87 | 0 | 0.0151172 | 21 | 87 | 0 |  
j60_48_3.rcp | 0.0217973 | 19 | 84 | 1 | 0.0152366 | 19 | 84 | 3 |  
j60_48_4.rcp | 0.0268597 | 24 | 62 | 1 | 0.0187241 | 24 | 62 | 2 |  
j60_48_5.rcp | 0.030919 | 27 | 101 | 0 | 0.0195617 | 27 | 101 | 0 |  
j60_48_6.rcp | 0.0260001 | 23 | 66 | 1 | 0.0176435 | 23 | 66 | 1 |  
j60_48_7.rcp | 0.0250557 | 27 | 77 | 0 | 0.018337 | 27 | 77 | 3 |  
j60_48_8.rcp | 0.0263757 | 22 | 88 | 1 | 0.0197381 | 22 | 88 | 6 |  
j60_48_9.rcp | 0.0209927 | 21 | 82 | 0 | 0.0172951 | 21 | 82 | 3 |  
j60_48_10.rcp | 0.0228161 | 21 | 70 | 0 | 0.0156551 | 21 | 70 | 2 |  
119.13537 | 279009.47 | 201546.8 | 118.975 | 184446.02 | 248457.98 |  
2020-05-13
 23:27:26.977915300
Data/j60/J60 
  BRANCHEMENT STATIQUE 
Inst |old_time |old_backt |makespan |old_prop |new_time |new_backt |makespan |new_prop|  
j60_33_9.rcp | 233.6014 | 913621 | 108 | 708027 | 300.00964 | 745627 | -1 | 1109255 |  
233.6014 | 913621.0 | 708027.0 | 300.00964 | 745627.0 | 1109255.0 |  
2020-05-13
 23:40:15.003389700
Data/j60/J60 
  BRANCHEMENT STATIQUE 
Inst |old_time |old_backt |makespan |old_prop |new_time |new_backt |makespan |new_prop|  
j60_33_9.rcp | 249.4443 | 913621 | 108 | 708027 | 358.73346 | 913621 | 108 | 1358977 |  
249.4443 | 913621.0 | 708027.0 | 358.73346 | 913621.0 | 1358977.0 |  
2020-05-13
 23:51:03.480360700
Data/j60/J60 
  BRANCHEMENT STATIQUE 
Inst |old_time |old_backt |makespan |old_prop |new_time |new_backt |makespan |new_prop|  
j60_33_9.rcp | 233.24448 | 913621 | 108 | 708027 | 352.19516 | 913621 | 108 | 1358977 |  
233.24448 | 913621.0 | 708027.0 | 352.19516 | 913621.0 | 1358977.0 |  
2020-05-14
 00:03:32.284871100
Data/j60/J60 
  BRANCHEMENT STATIQUE 
Inst |old_time |old_backt |makespan |old_prop |new_time |new_backt |makespan |new_prop|  
j60_33_9.rcp | 235.51381 | 913621 | 108 | 708027 | 360.0064 | 873885 | -1 | 1299976 |  
NaN | NaN | NaN | NaN | NaN | NaN |  
2020-05-14
 01:38:53.101610600
Data/j60/J60 
  BRANCHEMENT STATIQUE 
Inst |old_time |old_backt |makespan |old_prop |new_time |new_backt |makespan |new_prop|  
j60_33_9.rcp | 353.1094 | 913621 | 108 | 1358977 |  
0.0 | 0.0 | 0.0 | 353.1094 | 913621.0 | 1358977.0 |  
2020-05-14
 01:45:25.417934200
Data/j60/J60 
  BRANCHEMENT STATIQUE 
Inst |old_time |old_backt |makespan |old_prop |new_time |new_backt |makespan |new_prop|  
j60_33_9.rcp | 352.8899 | 913621 | 108 | 1358977 |  
0.0 | 0.0 | 0.0 | 352.8899 | 913621.0 | 1358977.0 |  
2020-05-14
 02:18:42.791785300
Data/j60/J60 
  BRANCHEMENT STATIQUE 
Inst |old_time |old_backt |makespan |old_prop |new_time |new_backt |makespan |new_prop|  
j60_33_9.rcp | 350.628 | 913621 | 108 | 1358977 |  
0.0 | 0.0 | 0.0 | 350.628 | 913621.0 | 1358977.0 |  
2020-05-14
 02:47:06.333500400
Data/j60/J60 
  BRANCHEMENT STATIQUE 
Inst |old_time |old_backt |makespan |old_prop |new_time |new_backt |makespan |new_prop|  
j60_33_9.rcp | 2020-05-14
 02:56:04.689719500
Data/j60/J60 
  BRANCHEMENT STATIQUE 
Inst |old_time |old_backt |makespan |old_prop |new_time |new_backt |makespan |new_prop|  
j60_33_9.rcp | 360.00024 | 2302481 | -1 | 593045 |  
NaN | NaN | NaN | NaN | NaN | NaN |  
2020-05-14
 03:04:29.798515400
Data/j60/J60 
  BRANCHEMENT STATIQUE 
Inst |old_time |old_backt |makespan |old_prop |new_time |new_backt |makespan |new_prop|  
j60_33_9.rcp | 349.46457 | 913621 | 108 | 1358977 |  
0.0 | 0.0 | 0.0 | 349.46457 | 913621.0 | 1358977.0 |  
2020-05-14
 07:55:31.519566600
Data/j60/J60 
  BRANCHEMENT STATIQUE 
Inst |old_time |old_backt |makespan |old_prop |new_time |new_backt |makespan |new_prop|  
j60_33_9.rcp | 354.86118 | 913621 | 108 | 1358977 |  
0.0 | 0.0 | 0.0 | 354.86118 | 913621.0 | 1358977.0 |  
2020-05-29
 15:46:27.198142200
Data/J60/ 
  BRANCHEMENT STATIQUE 
Inst |old_time |old_backt |makespan |old_prop |new_time |new_backt |makespan |new_prop|  
j90_43_2.rcp | 2020-05-29
 16:26:12.047340400
Data/J6O/ 
  BRANCHEMENT STATIQUE 
Inst |old_time |old_backt |makespan |old_prop |new_time |new_backt |makespan |new_prop|  
j60_1_1.rcp | 2020-05-29
 16:26:49.440645800
Data/j6O/ 
  BRANCHEMENT STATIQUE 
Inst |old_time |old_backt |makespan |old_prop |new_time |new_backt |makespan |new_prop|  
j60_1_1.rcp | 2020-05-29
 16:31:37.295135700
Data/j6O/ 
  BRANCHEMENT STATIQUE 
Inst |old_time |old_backt |makespan |old_prop |new_time |new_backt |makespan |new_prop|  
j60_1_1.rcp | 2020-05-29
 16:47:39.075948400
Data/J60/ 
  BRANCHEMENT STATIQUE 
Inst |old_time |old_backt |makespan |old_prop |new_time |new_backt |makespan |new_prop|  
j60_1_1.rcp | 300.0003 | 3284680 | -1 | 2346535 | 300.00024 | 3337848 | -1 | 2255065 |  
j60_1_2.rcp | 0.0186337 | 54 | 68 | 122 | 0.0229873 | 54 | 68 | 140 |  
j60_1_3.rcp | 300.00006 | 2405857 | -1 | 1768026 | 300.00006 | 1477945 | -1 | 3505087 |  
j60_1_4.rcp | 300.0001 | 1858834 | -1 | 2242116 | 300.00015 | 609529 | -1 | 1086875 |  
j60_1_5.rcp | 16.421406 | 146634 | 73 | 76289 | 16.0915 | 136746 | 73 | 81340 |  
j60_1_6.rcp | 300.00024 | 1922757 | -1 | 1904076 | 300.00052 | 1633179 | -1 | 1447094 |  
j60_1_7.rcp | 300.00006 | 2080943 | -1 | 2941317 | 300.0001 | 1794296 | -1 | 3025421 |  
j60_1_8.rcp | 300.00018 | 3078288 | -1 | 2653913 | 300.00006 | 3873742 | -1 | 1248058 |  
j60_1_9.rcp | 300.00012 | 1432796 | -1 | 2422012 | 300.00055 | 1063939 | -1 | 2039522 |  
j60_1_10.rcp | 0.0071634 | 46 | 80 | 33 | 0.0089865 | 46 | 80 | 46 |  
j60_2_1.rcp | 0.0042472 | 35 | 65 | 9 | 0.0043596 | 35 | 65 | 14 |  
j60_2_2.rcp | 0.0048824 | 36 | 82 | 10 | 0.0052764 | 36 | 82 | 18 |  
j60_2_3.rcp | 0.0048828 | 26 | 78 | 13 | 0.0046632 | 26 | 78 | 18 |  
j60_2_4.rcp | 0.0048241 | 31 | 78 | 11 | 0.0051204 | 31 | 78 | 19 |  
j60_2_5.rcp | 0.0051647 | 30 | 54 | 7 | 0.0048179 | 30 | 54 | 16 |  
j60_2_6.rcp | 0.0048474 | 32 | 64 | 9 | 0.005028 | 32 | 64 | 15 |  
j60_2_7.rcp | 0.0061749 | 38 | 53 | 8 | 0.006017 | 38 | 53 | 10 |  
j60_2_8.rcp | 0.0047626 | 26 | 66 | 8 | 0.0053551 | 26 | 66 | 15 |  
j60_2_9.rcp | 0.0036085 | 31 | 65 | 7 | 0.0035036 | 31 | 65 | 10 |  
j60_2_10.rcp | 0.008014 | 50 | 69 | 10 | 0.0081317 | 50 | 69 | 15 |  
j60_3_1.rcp | 0.00312 | 26 | 60 | 2 | 0.0028555 | 26 | 60 | 3 |  
j60_3_2.rcp | 0.003702 | 27 | 69 | 5 | 0.0034724 | 27 | 69 | 10 |  
j60_3_3.rcp | 0.005906 | 32 | 105 | 2 | 0.0054974 | 32 | 105 | 7 |  
j60_3_4.rcp | 0.0044345 | 28 | 81 | 3 | 0.0041255 | 28 | 81 | 4 |  
j60_3_5.rcp | 0.0034212 | 23 | 83 | 0 | 0.0037111 | 23 | 83 | 4 |  
j60_3_6.rcp | 0.0068031 | 29 | 57 | 5 | 0.0062042 | 29 | 57 | 10 |  
j60_3_7.rcp | 0.0080167 | 29 | 59 | 3 | 0.0053602 | 29 | 59 | 7 |  
j60_3_8.rcp | 300.00003 | 3452197 | -1 | 2031682 | 300.00006 | 2361197 | -1 | 3536669 |  
j60_3_9.rcp | 0.0058635 | 31 | 67 | 7 | 0.0054684 | 31 | 67 | 8 |  
j60_3_10.rcp | 0.0066521 | 47 | 69 | 2 | 0.0093508 | 47 | 69 | 18 |  
j60_4_1.rcp | 0.0030171 | 25 | 84 | 0 | 0.0024707 | 25 | 84 | 0 |  
j60_4_2.rcp | 0.0022702 | 19 | 60 | 0 | 0.0020894 | 19 | 60 | 0 |  
j60_4_3.rcp | 0.0026454 | 23 | 58 | 1 | 0.0020947 | 23 | 58 | 2 |  
j60_4_4.rcp | 0.0028067 | 25 | 65 | 0 | 0.0025058 | 25 | 65 | 3 |  
j60_4_5.rcp | 0.0026946 | 23 | 75 | 0 | 0.0021828 | 23 | 75 | 1 |  
j60_4_6.rcp | 0.0022759 | 25 | 71 | 0 | 0.0021003 | 25 | 71 | 0 |  
j60_4_7.rcp | 0.0027278 | 24 | 67 | 0 | 0.0023279 | 24 | 67 | 2 |  
j60_4_8.rcp | 0.002704 | 26 | 65 | 3 | 0.0024843 | 26 | 65 | 3 |  
j60_4_9.rcp | 0.0027873 | 21 | 75 | 2 | 0.0024589 | 21 | 75 | 3 |  
j60_4_10.rcp | 0.0028543 | 24 | 77 | 3 | 0.0026122 | 24 | 77 | 3 |  
j60_5_1.rcp | 300.00012 | 734666 | -1 | 519983 | 300.0009 | 588662 | -1 | 658722 |  
j60_5_2.rcp | 300.00006 | 679811 | -1 | 603950 | 300.00183 | 115031 | -1 | 489311 |  
j60_5_3.rcp | 300.0003 | 1692188 | -1 | 519210 | 300.0014 | 244299 | -1 | 619792 |  
j60_5_4.rcp | 300.00015 | 323952 | -1 | 846801 | 300.0032 | 172029 | -1 | 625543 |  
j60_5_5.rcp | 300.00092 | 363403 | -1 | 832826 | 300.00217 | 282853 | -1 | 839944 |  
j60_5_6.rcp | 300.00034 | 361451 | -1 | 781756 | 300.00272 | 249428 | -1 | 742778 |  
j60_5_7.rcp | 300.00064 | 584585 | -1 | 1266695 | 300.00153 | 204949 | -1 | 867851 |  
j60_5_8.rcp | 300.00128 | 327184 | -1 | 785021 | 300.00183 | 232261 | -1 | 737428 |  
j60_5_9.rcp | 300.00024 | 511367 | -1 | 1228733 | 300.00327 | 345877 | -1 | 1319149 |  
j60_5_10.rcp | 300.00003 | 999403 | -1 | 188904 | 300.0003 | 894748 | -1 | 568275 |  
j60_6_1.rcp | 300.00024 | 813961 | -1 | 172853 | 300.00116 | 760332 | -1 | 631800 |  
j60_6_2.rcp | 300.00003 | 677306 | -1 | 346495 | 300.0002 | 701010 | -1 | 440285 |  
j60_6_3.rcp | 0.0183879 | 41 | 72 | 15 | 0.0175162 | 41 | 72 | 27 |  
j60_6_4.rcp | 9.0948515 | 23707 | 67 | 14491 | 8.93603 | 23695 | 67 | 33819 |  
j60_6_5.rcp | 0.0341254 | 39 | 78 | 15 | 0.0156678 | 39 | 78 | 22 |  
j60_6_6.rcp | 300.00034 | 778885 | -1 | 479070 | 300.0023 | 565759 | -1 | 492962 |  
j60_6_7.rcp | 300.00046 | 986729 | -1 | 181986 | 300.00015 | 1100947 | -1 | 289461 |  
j60_6_8.rcp | 300.00015 | 790815 | -1 | 375184 | 300.00034 | 563762 | -1 | 666215 |  
j60_6_9.rcp | 0.0190912 | 22 | 64 | 4 | 0.0108024 | 22 | 64 | 13 |  
j60_6_10.rcp | 300.00018 | 601567 | -1 | 538374 | 300.0004 | 615536 | -1 | 1005828 |  
j60_7_1.rcp | 300.0001 | 1536396 | -1 | 237489 | 300.00006 | 1442611 | -1 | 959843 |  
j60_7_2.rcp | 0.013423 | 31 | 85 | 3 | 0.0113614 | 31 | 85 | 10 |  
j60_7_3.rcp | 0.0104642 | 25 | 62 | 1 | 0.0082207 | 25 | 62 | 5 |  
j60_7_4.rcp | 0.006956 | 22 | 63 | 0 | 0.0061669 | 22 | 63 | 2 |  
j60_7_5.rcp | 0.0127767 | 30 | 71 | 6 | 0.0111268 | 30 | 71 | 12 |  
j60_7_6.rcp | 0.0117256 | 30 | 65 | 8 | 0.0107749 | 30 | 65 | 18 |  
j60_7_7.rcp | 0.01533 | 38 | 89 | 5 | 0.0148098 | 38 | 89 | 18 |  
j60_7_8.rcp | 0.0105839 | 26 | 66 | 1 | 0.0081698 | 26 | 66 | 3 |  
j60_7_9.rcp | 35.627804 | 104478 | 44 | 3442 | 26.607183 | 104478 | 44 | 7124 |  
j60_7_10.rcp | 0.0120219 | 26 | 82 | 2 | 0.009146 | 26 | 82 | 10 |  
j60_8_1.rcp | 0.0083314 | 24 | 64 | 1 | 0.0053001 | 24 | 64 | 2 |  
j60_8_2.rcp | 0.0068663 | 21 | 61 | 0 | 0.0049364 | 21 | 61 | 0 |  
j60_8_3.rcp | 0.0111802 | 27 | 79 | 1 | 0.008752 | 27 | 79 | 2 |  
j60_8_4.rcp | 0.0075658 | 23 | 64 | 0 | 0.0054366 | 23 | 64 | 0 |  
j60_8_5.rcp | 0.0100789 | 21 | 83 | 5 | 0.0085012 | 21 | 83 | 7 |  
j60_8_6.rcp | 0.0092422 | 25 | 56 | 0 | 0.0071655 | 25 | 56 | 1 |  
j60_8_7.rcp | 0.0089753 | 25 | 62 | 1 | 0.0067799 | 25 | 62 | 1 |  
j60_8_8.rcp | 0.0081115 | 21 | 66 | 2 | 0.0060831 | 21 | 66 | 3 |  
j60_8_9.rcp | 0.0076351 | 23 | 58 | 0 | 0.0057971 | 23 | 58 | 0 |  
j60_8_10.rcp | 0.0091577 | 22 | 97 | 2 | 0.0075313 | 22 | 97 | 4 |  
j60_9_1.rcp | 300.00052 | 613434 | -1 | 568697 | 300.00052 | 209007 | -1 | 609154 |  
j60_9_2.rcp | 300.00018 | 676531 | -1 | 224461 | 300.00726 | 127793 | -1 | 418956 |  
j60_9_3.rcp | 300.00235 | 213909 | -1 | 706372 | 300.00516 | 87259 | -1 | 338237 |  
j60_9_4.rcp | 300.0003 | 544431 | -1 | 405871 | 300.0035 | 127397 | -1 | 305456 |  
j60_9_5.rcp | 300.00015 | 847443 | -1 | 326765 | 300.00406 | 266193 | -1 | 465898 |  
j60_9_6.rcp | 300.00015 | 546199 | -1 | 365861 | 300.00223 | 160689 | -1 | 355033 |  
j60_9_7.rcp | 300.00018 | 691375 | -1 | 202045 | 300.00015 | 322569 | -1 | 202116 |  
j60_9_8.rcp | 300.00058 | 627848 | -1 | 259772 | 300.0046 | 161079 | -1 | 432528 |  
j60_9_9.rcp | 300.00037 | 506994 | -1 | 246746 | 300.00024 | 106520 | -1 | 387915 |  
j60_9_10.rcp | 300.00012 | 1443437 | -1 | 292858 | 300.00012 | 74279 | -1 | 379314 |  
j60_10_1.rcp | 300.00034 | 298962 | -1 | 64087 | 300.00244 | 199209 | -1 | 327677 |  
j60_10_2.rcp | 300.00003 | 627315 | -1 | 90940 | 300.0003 | 1017718 | -1 | 110973 |  
j60_10_3.rcp | 300.00027 | 356925 | -1 | 157792 | 300.00046 | 302219 | -1 | 334608 |  
j60_10_4.rcp | 0.0273625 | 26 | 80 | 10 | 0.0308393 | 26 | 80 | 26 |  
j60_10_5.rcp | 300.00024 | 496916 | -1 | 243667 | 300.00284 | 327350 | -1 | 815595 |  
j60_10_6.rcp | 300.0005 | 342772 | -1 | 144615 | 300.0003 | 219059 | -1 | 349603 |  
j60_10_7.rcp | 300.00037 | 452005 | -1 | 112488 | 300.0002 | 412647 | -1 | 330590 |  
j60_10_8.rcp | 112.41416 | 151852 | 65 | 20469 | 168.18834 | 151456 | 65 | 125739 |  
j60_10_9.rcp | 300.00256 | 407074 | -1 | 79318 | 300.0006 | 282013 | -1 | 208716 |  
j60_10_10.rcp | 300.0003 | 362980 | -1 | 132926 | 300.00113 | 325081 | -1 | 390873 |  
j60_11_1.rcp | 0.0289545 | 24 | 71 | 13 | 0.0202466 | 24 | 71 | 27 |  
j60_11_2.rcp | 0.0325432 | 55 | 61 | 6 | 0.0259772 | 55 | 61 | 10 |  
j60_11_3.rcp | 0.0269166 | 20 | 76 | 4 | 0.013457 | 20 | 76 | 5 |  
j60_11_4.rcp | 300.00046 | 403996 | -1 | 50201 | 300.00052 | 452446 | -1 | 199595 |  
j60_11_5.rcp | 2.2001998 | 2455 | 65 | 283 | 2.5232525 | 2419 | 65 | 1403 |  
j60_11_6.rcp | 0.0324729 | 30 | 70 | 0 | 0.0212221 | 30 | 70 | 4 |  
j60_11_7.rcp | 0.0233391 | 21 | 70 | 7 | 0.0220069 | 21 | 70 | 11 |  
j60_11_8.rcp | 0.0240362 | 24 | 69 | 2 | 0.0224124 | 24 | 69 | 6 |  
j60_11_9.rcp | 0.0205068 | 21 | 62 | 3 | 0.0162422 | 21 | 62 | 10 |  
j60_11_10.rcp | 0.0278356 | 38 | 58 | 0 | 0.0244491 | 38 | 58 | 11 |  
j60_12_1.rcp | 0.0137637 | 23 | 59 | 0 | 0.0102204 | 23 | 59 | 1 |  
j60_12_2.rcp | 0.0180038 | 25 | 58 | 0 | 0.0138089 | 25 | 58 | 2 |  
j60_12_3.rcp | 0.014509 | 21 | 75 | 0 | 0.017908 | 21 | 75 | 0 |  
j60_12_4.rcp | 0.0151089 | 22 | 69 | 0 | 0.0099057 | 22 | 69 | 0 |  
j60_12_5.rcp | 0.0187448 | 23 | 63 | 1 | 0.0174762 | 23 | 63 | 3 |  
j60_12_6.rcp | 0.0181104 | 27 | 54 | 0 | 0.0170682 | 27 | 54 | 1 |  
j60_12_7.rcp | 0.0187338 | 24 | 71 | 0 | 0.0110822 | 24 | 71 | 0 |  
j60_12_8.rcp | 0.0139917 | 22 | 60 | 0 | 0.0095382 | 22 | 60 | 0 |  
j60_12_9.rcp | 0.0155117 | 19 | 59 | 2 | 0.0105437 | 19 | 59 | 2 |  
j60_12_10.rcp | 0.0275065 | 24 | 79 | 1 | 0.0146161 | 24 | 79 | 2 |  
j60_13_1.rcp | 300.00027 | 539818 | -1 | 58368 | 300.0219 | 78248 | -1 | 201595 |  
j60_13_2.rcp | 300.00223 | 259222 | -1 | 133501 | 300.0002 | 176391 | -1 | 172006 |  
j60_13_3.rcp | 300.0012 | 414167 | -1 | 26991 | 300.00146 | 115079 | -1 | 155796 |  
j60_13_4.rcp | 300.0001 | 906847 | -1 | 993 | 300.0002 | 169803 | -1 | 341485 |  
j60_13_5.rcp | 300.00192 | 369427 | -1 | 142946 | 300.00024 | 98660 | -1 | 243126 |  
j60_13_6.rcp | 300.00125 | 280183 | -1 | 161694 | 300.00092 | 116238 | -1 | 231796 |  
j60_13_7.rcp | 300.00003 | 614364 | -1 | 156876 | 300.01056 | 71397 | -1 | 106804 |  
j60_13_8.rcp | 300.00076 | 334798 | -1 | 155908 | 300.0003 | 148729 | -1 | 190339 |  
j60_13_9.rcp | 300.00073 | 460131 | -1 | 22246 | 300.0005 | 187161 | -1 | 274136 |  
j60_13_10.rcp | 300.00015 | 411007 | -1 | 69996 | 300.00058 | 351921 | -1 | 66340 |  
j60_14_1.rcp | 300.00037 | 326654 | -1 | 100803 | 300.00067 | 287696 | -1 | 241977 |  
j60_14_2.rcp | 300.00378 | 198521 | -1 | 224988 | 300.0018 | 169198 | -1 | 359342 |  
j60_14_3.rcp | 300.00012 | 386950 | -1 | 10662 | 300.00015 | 234440 | -1 | 168493 |  
j60_14_4.rcp | 300.00146 | 413287 | -1 | 103226 | 300.0006 | 144281 | -1 | 346711 |  
j60_14_5.rcp | 300.0003 | 238757 | -1 | 95894 | 300.0009 | 185856 | -1 | 308139 |  
j60_14_6.rcp | 300.00006 | 258072 | -1 | 103731 | 300.00302 | 243463 | -1 | 198954 |  
j60_14_7.rcp | 300.00137 | 223721 | -1 | 74841 | 300.00464 | 176168 | -1 | 489155 |  
j60_14_8.rcp | 0.0494918 | 32 | 88 | 8 | 0.0512686 | 32 | 88 | 24 |  
j60_14_9.rcp | 300.00012 | 237324 | -1 | 188247 | 300.00296 | 196606 | -1 | 504600 |  
j60_14_10.rcp | 300.00095 | 278463 | -1 | 207428 | 300.0002 | 87087 | -1 | 355011 |  
j60_15_1.rcp | 0.031162 | 22 | 84 | 3 | 0.0214045 | 22 | 84 | 4 |  
j60_15_2.rcp | 0.0331159 | 20 | 89 | 1 | 0.0281787 | 20 | 89 | 9 |  
j60_15_3.rcp | 0.0383089 | 37 | 72 | 5 | 0.0343962 | 37 | 72 | 10 |  
j60_15_4.rcp | 0.0617634 | 48 | 75 | 10 | 0.0544082 | 48 | 75 | 8 |  
j60_15_5.rcp | 39.077427 | 38495 | 70 | 8758 | 32.050392 | 38495 | 70 | 25587 |  
j60_15_6.rcp | 0.0323756 | 23 | 76 | 1 | 0.0265115 | 23 | 76 | 6 |  
j60_15_7.rcp | 80.039246 | 60080 | 64 | 23838 | 29.566505 | 27716 | 64 | 23166 |  
j60_15_8.rcp | 1.8108593 | 1755 | 79 | 6 | 1.4924352 | 1755 | 79 | 351 |  
j60_15_9.rcp | 0.0310733 | 29 | 72 | 1 | 0.0228866 | 29 | 72 | 2 |  
j60_15_10.rcp | 0.0253894 | 24 | 61 | 0 | 0.0194103 | 24 | 61 | 1 |  
j60_16_1.rcp | 0.0195291 | 21 | 64 | 0 | 0.0137892 | 21 | 64 | 0 |  
j60_16_2.rcp | 0.0185579 | 22 | 64 | 0 | 0.0124413 | 22 | 64 | 0 |  
j60_16_3.rcp | 0.0207662 | 25 | 53 | 0 | 0.0145197 | 25 | 53 | 0 |  
j60_16_4.rcp | 0.0237374 | 26 | 60 | 0 | 0.0166574 | 26 | 60 | 1 |  
j60_16_5.rcp | 0.0176044 | 23 | 66 | 0 | 0.0127155 | 23 | 66 | 0 |  
j60_16_6.rcp | 0.0220937 | 25 | 66 | 0 | 0.0171612 | 25 | 66 | 0 |  
j60_16_7.rcp | 0.0257413 | 25 | 82 | 4 | 0.0194774 | 25 | 82 | 5 |  
j60_16_8.rcp | 0.0191871 | 24 | 68 | 0 | 0.0142994 | 24 | 68 | 0 |  
j60_16_9.rcp | 0.0222381 | 27 | 54 | 1 | 0.0156553 | 27 | 54 | 1 |  
j60_16_10.rcp | 0.0203817 | 22 | 68 | 0 | 0.0148639 | 22 | 68 | 1 |  
j60_17_1.rcp | 300.00006 | 1315838 | -1 | 1928804 | 300.00024 | 1009770 | -1 | 2059307 |  
j60_17_2.rcp | 300.00015 | 2903531 | -1 | 618525 | 300.00015 | 2884382 | -1 | 654167 |  
j60_17_3.rcp | 300.00015 | 1143674 | -1 | 2506019 | 300.00003 | 897659 | -1 | 1334064 |  
j60_17_4.rcp | 0.0081027 | 38 | 71 | 67 | 0.0101546 | 38 | 71 | 70 |  
j60_17_5.rcp | 59.254925 | 436491 | 59 | 127204 | 66.01069 | 436491 | 59 | 220731 |  
j60_17_6.rcp | 300.00034 | 1563715 | -1 | 1285847 | 300.00015 | 1317786 | -1 | 1432653 |  
j60_17_7.rcp | 0.0084987 | 42 | 83 | 87 | 0.0104648 | 42 | 83 | 98 |  
j60_17_8.rcp | 300.00018 | 1207304 | -1 | 2688597 | 300.0003 | 724963 | -1 | 2403647 |  
j60_17_9.rcp | 0.0124035 | 57 | 76 | 49 | 0.0152429 | 57 | 76 | 76 |  
j60_17_10.rcp | 4.125283 | 29696 | 72 | 53284 | 4.58679 | 29286 | 72 | 61845 |  
j60_18_1.rcp | 0.0041069 | 26 | 81 | 9 | 0.0045848 | 26 | 81 | 16 |  
j60_18_2.rcp | 0.0041925 | 28 | 69 | 13 | 0.00466 | 28 | 69 | 21 |  
j60_18_3.rcp | 0.0043474 | 26 | 77 | 8 | 0.0042375 | 26 | 77 | 16 |  
j60_18_4.rcp | 0.0039653 | 19 | 71 | 6 | 0.0042545 | 19 | 71 | 15 |  
j60_18_5.rcp | 0.004737 | 28 | 80 | 11 | 0.0043628 | 28 | 80 | 16 |  
j60_18_6.rcp | 0.003944 | 24 | 61 | 9 | 0.0036733 | 24 | 61 | 14 |  
j60_18_7.rcp | 0.0073952 | 38 | 93 | 9 | 0.007786 | 38 | 93 | 18 |  
j60_18_8.rcp | 0.0041101 | 28 | 78 | 12 | 0.0040434 | 28 | 78 | 18 |  
j60_18_9.rcp | 0.0039482 | 36 | 69 | 9 | 0.004469 | 36 | 69 | 18 |  
j60_18_10.rcp | 0.0035222 | 30 | 97 | 4 | 0.0038289 | 30 | 97 | 9 |  
j60_19_1.rcp | 0.0039518 | 28 | 62 | 5 | 0.0032006 | 28 | 62 | 5 |  
j60_19_2.rcp | 0.0035129 | 25 | 83 | 10 | 0.0032217 | 25 | 83 | 14 |  
j60_19_3.rcp | 0.0046888 | 34 | 83 | 7 | 0.0062134 | 34 | 83 | 11 |  
j60_19_4.rcp | 0.0031534 | 26 | 67 | 7 | 0.0026533 | 26 | 67 | 10 |  
j60_19_5.rcp | 0.0031532 | 22 | 73 | 3 | 0.0029191 | 22 | 73 | 7 |  
j60_19_6.rcp | 0.003402 | 21 | 69 | 4 | 0.0031981 | 21 | 69 | 6 |  
j60_19_7.rcp | 0.0038085 | 31 | 60 | 7 | 0.0033831 | 31 | 60 | 8 |  
j60_19_8.rcp | 0.0071613 | 40 | 87 | 12 | 0.0082783 | 40 | 87 | 18 |  
j60_19_9.rcp | 0.0060562 | 35 | 69 | 5 | 0.0058641 | 35 | 69 | 12 |  
j60_19_10.rcp | 0.0036528 | 28 | 78 | 6 | 0.0036011 | 28 | 78 | 10 |  
j60_20_1.rcp | 0.002367 | 22 | 60 | 1 | 0.0020416 | 22 | 60 | 2 |  
j60_20_2.rcp | 0.0026851 | 21 | 78 | 3 | 0.0026685 | 21 | 78 | 5 |  
j60_20_3.rcp | 0.0024202 | 21 | 69 | 2 | 0.0023717 | 21 | 69 | 4 |  
j60_20_4.rcp | 0.002676 | 24 | 86 | 0 | 0.002235 | 24 | 86 | 1 |  
j60_20_5.rcp | 0.0026338 | 25 | 71 | 0 | 0.0028066 | 25 | 71 | 0 |  
j60_20_6.rcp | 0.0029784 | 26 | 97 | 0 | 0.0026365 | 26 | 97 | 1 |  
j60_20_7.rcp | 0.0025208 | 20 | 74 | 0 | 0.002096 | 20 | 74 | 0 |  
j60_20_8.rcp | 0.0032124 | 28 | 65 | 1 | 0.0027278 | 28 | 65 | 3 |  
j60_20_9.rcp | 0.0034268 | 23 | 74 | 4 | 0.0027421 | 23 | 74 | 7 |  
j60_20_10.rcp | 0.0026652 | 25 | 70 | 1 | 0.0024976 | 25 | 70 | 1 |  
j60_21_1.rcp | 300.00076 | 574748 | -1 | 894177 | 300.00488 | 271920 | -1 | 626088 |  
j60_21_2.rcp | 300.00156 | 308833 | -1 | 858560 | 300.0023 | 276368 | -1 | 673061 |  
j60_21_3.rcp | 300.00098 | 372571 | -1 | 978931 | 300.00034 | 278070 | -1 | 868207 |  
j60_21_4.rcp | 300.00003 | 664409 | -1 | 844654 | 300.00082 | 376900 | -1 | 971876 |  
j60_21_5.rcp | 300.00037 | 620275 | -1 | 979481 | 300.00305 | 308099 | -1 | 1414893 |  
j60_21_6.rcp | 300.0002 | 756527 | -1 | 570346 | 300.00494 | 195082 | -1 | 949488 |  
j60_21_7.rcp | 300.00076 | 1019367 | -1 | 673613 | 300.00076 | 226801 | -1 | 397660 |  
j60_21_8.rcp | 300.00037 | 1997858 | -1 | 424412 | 300.00177 | 205980 | -1 | 815776 |  
j60_21_9.rcp | 300.00015 | 657094 | -1 | 874341 | 300.00018 | 352574 | -1 | 842995 |  
j60_21_10.rcp | 300.00067 | 788426 | -1 | 563494 | 300.00024 | 552330 | -1 | 732416 |  
j60_22_1.rcp | 300.00113 | 585304 | -1 | 361380 | 300.0005 | 677406 | -1 | 528825 |  
j60_22_2.rcp | 0.0249977 | 49 | 83 | 17 | 0.0187511 | 49 | 83 | 30 |  
j60_22_3.rcp | 300.00012 | 756619 | -1 | 259016 | 300.0001 | 682373 | -1 | 522203 |  
j60_22_4.rcp | 300.00052 | 420153 | -1 | 219402 | 300.00122 | 343276 | -1 | 514761 |  
j60_22_5.rcp | 0.0196018 | 22 | 76 | 16 | 0.0143611 | 22 | 76 | 27 |  
j60_22_6.rcp | 300.0005 | 871968 | -1 | 57248 | 300.00024 | 862893 | -1 | 66913 |  
j60_22_7.rcp | 25.393444 | 77671 | 69 | 37270 | 25.84048 | 77671 | 69 | 82634 |  
j60_22_8.rcp | 0.6743316 | 1276 | 59 | 519 | 0.68403167 | 1274 | 59 | 885 |  
j60_22_9.rcp | 0.0154845 | 35 | 65 | 18 | 0.0321608 | 35 | 65 | 26 |  
j60_22_10.rcp | 39.051235 | 129469 | 70 | 33001 | 41.361443 | 129295 | 70 | 70592 |  
j60_23_1.rcp | 18.266325 | 57344 | 75 | 6474 | 14.341678 | 57344 | 75 | 21902 |  
j60_23_2.rcp | 0.0196348 | 29 | 69 | 6 | 0.0116515 | 29 | 69 | 8 |  
j60_23_3.rcp | 0.0172766 | 33 | 78 | 1 | 0.0151924 | 33 | 78 | 5 |  
j60_23_4.rcp | 0.0132119 | 26 | 83 | 8 | 0.0115024 | 26 | 83 | 16 |  
j60_23_5.rcp | 0.0081943 | 22 | 72 | 1 | 0.0064687 | 22 | 72 | 2 |  
j60_23_6.rcp | 0.0140717 | 25 | 81 | 12 | 0.0129086 | 25 | 81 | 21 |  
j60_23_7.rcp | 0.0134228 | 24 | 60 | 5 | 0.012861 | 24 | 60 | 11 |  
j60_23_8.rcp | 0.0191681 | 39 | 72 | 14 | 0.0169071 | 39 | 72 | 14 |  
j60_23_9.rcp | 0.0140961 | 21 | 64 | 8 | 0.0127442 | 21 | 64 | 15 |  
j60_23_10.rcp | 0.0134461 | 26 | 68 | 6 | 0.0101118 | 26 | 68 | 9 |  
j60_24_1.rcp | 0.008354 | 21 | 65 | 3 | 0.0066784 | 21 | 65 | 6 |  
j60_24_2.rcp | 0.0076616 | 24 | 55 | 0 | 0.0056725 | 24 | 55 | 0 |  
j60_24_3.rcp | 0.0087242 | 23 | 67 | 0 | 0.0061698 | 23 | 67 | 2 |  
j60_24_4.rcp | 0.0086714 | 25 | 78 | 1 | 0.0067753 | 25 | 78 | 2 |  
j60_24_5.rcp | 0.0094684 | 20 | 76 | 4 | 0.0080668 | 20 | 76 | 9 |  
j60_24_6.rcp | 0.0088604 | 24 | 75 | 0 | 0.0064727 | 24 | 75 | 2 |  
j60_24_7.rcp | 0.0084516 | 20 | 68 | 5 | 0.007204 | 20 | 68 | 6 |  
j60_24_8.rcp | 0.008493 | 23 | 81 | 1 | 0.0070421 | 23 | 81 | 8 |  
j60_24_9.rcp | 0.0149486 | 28 | 80 | 4 | 0.0121915 | 28 | 80 | 9 |  
j60_24_10.rcp | 0.0103687 | 24 | 66 | 0 | 0.0083767 | 24 | 66 | 0 |  
j60_25_1.rcp | 300.00067 | 617819 | -1 | 536846 | 300.00143 | 174982 | -1 | 327434 |  
j60_25_2.rcp | 300.00027 | 587044 | -1 | 668822 | 300.00525 | 143937 | -1 | 431628 |  
j60_25_3.rcp | 300.00027 | 371541 | -1 | 603981 | 300.0061 | 86748 | -1 | 243746 |  
j60_25_4.rcp | 300.00067 | 394005 | -1 | 1106854 | 300.00302 | 147897 | -1 | 434009 |  
j60_25_5.rcp | 300.0004 | 453860 | -1 | 208905 | 300.005 | 115993 | -1 | 327457 |  
j60_25_6.rcp | 300.00165 | 713828 | -1 | 413283 | 300.0037 | 114194 | -1 | 360572 |  
j60_25_7.rcp | 300.00143 | 311977 | -1 | 582511 | 300.0033 | 94662 | -1 | 466791 |  
j60_25_8.rcp | 300.00012 | 855887 | -1 | 231229 | 300.00388 | 164919 | -1 | 332297 |  
j60_25_9.rcp | 300.0006 | 566642 | -1 | 328760 | 300.0047 | 145970 | -1 | 330072 |  
j60_25_10.rcp | 300.0005 | 447303 | -1 | 202586 | 300.00156 | 556230 | -1 | 152075 |  
j60_26_1.rcp | 300.00067 | 400771 | -1 | 14550 | 300.00095 | 352923 | -1 | 246944 |  
j60_26_2.rcp | 300.00012 | 244332 | -1 | 67744 | 300.00214 | 196911 | -1 | 143006 |  
j60_26_3.rcp | 300.00064 | 281519 | -1 | 226231 | 300.00052 | 287764 | -1 | 161150 |  
j60_26_4.rcp | 300.00076 | 281749 | -1 | 355427 | 300.00122 | 199126 | -1 | 270042 |  
j60_26_5.rcp | 300.0027 | 409006 | -1 | 141838 | 300.00003 | 281763 | -1 | 453699 |  
j60_26_6.rcp | 300.00067 | 292083 | -1 | 219847 | 300.0042 | 275486 | -1 | 318190 |  
j60_26_7.rcp | 0.1328277 | 131 | 72 | 57 | 0.1280458 | 131 | 72 | 122 |  
j60_26_8.rcp | 300.0004 | 253689 | -1 | 158951 | 300.00073 | 215377 | -1 | 443977 |  
j60_26_9.rcp | 300.00012 | 544526 | -1 | 46244 | 300.0002 | 508652 | -1 | 125571 |  
j60_26_10.rcp | 0.0254365 | 23 | 85 | 6 | 0.0213705 | 23 | 85 | 15 |  
j60_27_1.rcp | 0.0270298 | 31 | 96 | 6 | 0.0216024 | 31 | 96 | 15 |  
j60_27_2.rcp | 0.0348879 | 40 | 74 | 6 | 0.0300343 | 40 | 74 | 10 |  
j60_27_3.rcp | 0.0616712 | 67 | 76 | 28 | 0.0592754 | 67 | 76 | 45 |  
j60_27_4.rcp | 0.0245312 | 24 | 60 | 4 | 0.0180193 | 24 | 60 | 8 |  
j60_27_5.rcp | 0.0219065 | 22 | 78 | 6 | 0.0154534 | 22 | 78 | 11 |  
j60_27_6.rcp | 0.0111914 | 15 | 64 | 0 | 0.0088973 | 15 | 64 | 0 |  
j60_27_7.rcp | 0.0226938 | 26 | 83 | 1 | 0.0224365 | 26 | 83 | 10 |  
j60_27_8.rcp | 14.325189 | 15737 | 88 | 6705 | 13.569137 | 15737 | 88 | 12659 |  
j60_27_9.rcp | 0.0223809 | 23 | 76 | 3 | 0.0184893 | 23 | 76 | 4 |  
j60_27_10.rcp | 0.8173138 | 1931 | 57 | 6 | 0.6685629 | 1931 | 57 | 472 |  
j60_28_1.rcp | 0.0164072 | 26 | 92 | 0 | 0.0126777 | 26 | 92 | 1 |  
j60_28_2.rcp | 0.016796 | 23 | 64 | 1 | 0.0123535 | 23 | 64 | 4 |  
j60_28_3.rcp | 0.0174721 | 25 | 72 | 3 | 0.0144825 | 25 | 72 | 9 |  
j60_28_4.rcp | 0.0222442 | 28 | 84 | 5 | 0.0165303 | 28 | 84 | 8 |  
j60_28_5.rcp | 0.0141267 | 27 | 71 | 0 | 0.0101895 | 27 | 71 | 0 |  
j60_28_6.rcp | 0.0188392 | 24 | 89 | 1 | 0.0140284 | 24 | 89 | 1 |  
j60_28_7.rcp | 0.016022 | 24 | 75 | 0 | 0.0107982 | 24 | 75 | 0 |  
j60_28_8.rcp | 0.0203262 | 24 | 62 | 1 | 0.0154908 | 24 | 62 | 5 |  
j60_28_9.rcp | 0.0147084 | 25 | 74 | 0 | 0.0109634 | 25 | 74 | 0 |  
j60_28_10.rcp | 0.0144999 | 17 | 74 | 1 | 0.0100421 | 17 | 74 | 1 |  
j60_29_1.rcp | 300.00018 | 401009 | -1 | 317728 | 300.00037 | 114148 | -1 | 204601 |  
j60_29_2.rcp | 300.0005 | 322650 | -1 | 368593 | 300.0008 | 103660 | -1 | 205053 |  
j60_29_3.rcp | 300.00177 | 209425 | -1 | 382858 | 300.00012 | 73081 | -1 | 258657 |  
j60_29_4.rcp | 300.00037 | 1042416 | -1 | 937 | 300.005 | 116668 | -1 | 439751 |  
j60_29_5.rcp | 300.0003 | 442006 | -1 | 113960 | 300.00082 | 88426 | -1 | 157251 |  
j60_29_6.rcp | 300.0002 | 1222726 | -1 | 1 | 300.00635 | 100745 | -1 | 153069 |  
j60_29_7.rcp | 300.00003 | 851900 | -1 | 536 | 300.0005 | 243709 | -1 | 145507 |  
j60_29_8.rcp | 300.00018 | 907185 | -1 | 75668 | 300.0039 | 84750 | -1 | 246419 |  
j60_29_9.rcp | 300.00024 | 1313353 | -1 | 1195 | 300.00098 | 138679 | -1 | 255348 |  
j60_29_10.rcp | 300.0001 | 1012777 | -1 | 5 | 300.01855 | 27587 | -1 | 148669 |  
j60_30_1.rcp | 300.0003 | 246690 | -1 | 110081 | 300.00067 | 177283 | -1 | 245571 |  
j60_30_2.rcp | 300.0004 | 390725 | -1 | 245103 | 300.0025 | 139594 | -1 | 237156 |  
j60_30_3.rcp | 300.0005 | 240340 | -1 | 74206 | 300.00476 | 163345 | -1 | 282181 |  
j60_30_4.rcp | 300.00015 | 249676 | -1 | 83958 | 300.00037 | 341402 | -1 | 186364 |  
j60_30_5.rcp | 300.00024 | 215299 | -1 | 166610 | 300.00082 | 210723 | -1 | 252428 |  
j60_30_6.rcp | 300.0005 | 210150 | -1 | 201304 | 300.00143 | 193934 | -1 | 422250 |  
j60_30_7.rcp | 300.0004 | 274301 | -1 | 303053 | 300.00247 | 75589 | -1 | 301917 |  
j60_30_8.rcp | 300.0025 | 268830 | -1 | 92768 | 300.0007 | 254975 | -1 | 225386 |  
j60_30_9.rcp | 300.00198 | 181350 | -1 | 121717 | 300.00064 | 198551 | -1 | 332129 |  
j60_30_10.rcp | 300.00073 | 250011 | -1 | 480064 | 300.0025 | 158450 | -1 | 215912 |  
j60_31_1.rcp | 0.3070233 | 264 | 65 | 43 | 0.2680951 | 264 | 65 | 126 |  
j60_31_2.rcp | 0.0341863 | 21 | 74 | 5 | 0.030395 | 21 | 74 | 14 |  
j60_31_3.rcp | 16.950895 | 16214 | 66 | 1888 | 14.410066 | 15632 | 66 | 7040 |  
j60_31_4.rcp | 300.0008 | 266329 | -1 | 1975 | 300.0005 | 369752 | -1 | 13853 |  
j60_31_5.rcp | 0.0283898 | 29 | 72 | 0 | 0.027144 | 29 | 72 | 2 |  
j60_31_6.rcp | 0.0252211 | 20 | 72 | 3 | 0.0180384 | 20 | 72 | 5 |  
j60_31_7.rcp | 0.0283444 | 19 | 76 | 3 | 0.0275557 | 19 | 76 | 7 |  
j60_31_8.rcp | 0.0777552 | 62 | 75 | 12 | 0.0730254 | 62 | 75 | 54 |  
j60_31_9.rcp | 0.038131 | 32 | 86 | 2 | 0.0285507 | 28 | 86 | 11 |  
j60_31_10.rcp | 300.0007 | 323717 | -1 | 22848 | 300.0001 | 423906 | -1 | 64245 |  
j60_32_1.rcp | 0.0300855 | 25 | 69 | 0 | 0.0173266 | 25 | 69 | 1 |  
j60_32_2.rcp | 0.0256462 | 25 | 114 | 0 | 0.0180617 | 25 | 114 | 0 |  
j60_32_3.rcp | 0.0269604 | 24 | 85 | 0 | 0.0193574 | 24 | 85 | 4 |  
j60_32_4.rcp | 0.0219728 | 23 | 56 | 0 | 0.0154903 | 23 | 56 | 0 |  
j60_32_5.rcp | 0.0337195 | 23 | 77 | 1 | 0.024202 | 23 | 77 | 2 |  
j60_32_6.rcp | 0.0267671 | 26 | 93 | 1 | 0.0179493 | 26 | 93 | 1 |  
j60_32_7.rcp | 0.0228936 | 22 | 76 | 3 | 0.0163434 | 22 | 76 | 4 |  
j60_32_8.rcp | 0.0233368 | 25 | 76 | 0 | 0.0189889 | 25 | 76 | 0 |  
j60_32_9.rcp | 0.0221026 | 21 | 74 | 0 | 0.0169029 | 21 | 74 | 2 |  
j60_32_10.rcp | 0.0202254 | 21 | 77 | 0 | 0.0163048 | 21 | 77 | 1 |  
j60_33_1.rcp | 300.00015 | 1577857 | -1 | 1124504 | 300.00006 | 1520597 | -1 | 810532 |  
j60_33_2.rcp | 4.333357 | 28221 | 100 | 30562 | 2.4941332 | 28221 | 100 | 6314 |  
j60_33_3.rcp | 0.0066348 | 28 | 79 | 41 | 0.0080232 | 28 | 79 | 47 |  
j60_33_4.rcp | 173.52887 | 664159 | 81 | 1098558 | 154.91916 | 664159 | 81 | 1273268 |  
j60_33_5.rcp | 300.00012 | 1752109 | -1 | 944410 | 300.00098 | 1163806 | -1 | 1416258 |  
j60_33_6.rcp | 300.00003 | 1782002 | -1 | 3196820 | 300.00006 | 1519930 | -1 | 2793351 |  
j60_33_7.rcp | 300.00018 | 1402771 | -1 | 2042846 | 300.00003 | 1011282 | -1 | 1710572 |  
j60_33_8.rcp | 300.0003 | 1818679 | -1 | 2567859 | 300.00015 | 1546778 | -1 | 2534931 |  
j60_33_9.rcp | 248.11229 | 913621 | 108 | 708027 | 300.0002 | 669086 | -1 | 995316 |  
j60_33_10.rcp | 300.00055 | 1890998 | -1 | 1272350 | 300.0001 | 1556024 | -1 | 1214729 |  
j60_34_1.rcp | 300.00012 | 2016224 | -1 | 1441134 | 300.00003 | 1721816 | -1 | 1613174 |  
j60_34_2.rcp | 0.0056207 | 29 | 68 | 18 | 0.0063123 | 29 | 68 | 17 |  
j60_34_3.rcp | 0.0048605 | 50 | 61 | 9 | 0.0056071 | 50 | 61 | 18 |  
j60_34_4.rcp | 0.0035666 | 23 | 83 | 6 | 0.0030468 | 23 | 83 | 6 |  
j60_34_5.rcp | 0.1119868 | 846 | 80 | 549 | 0.07964671 | 846 | 80 | 288 |  
j60_34_6.rcp | 0.0090317 | 33 | 81 | 10 | 0.0187849 | 33 | 81 | 26 |  
j60_34_7.rcp | 0.9421918 | 6114 | 85 | 1537 | 1.0671904 | 5896 | 85 | 2624 |  
j60_34_8.rcp | 0.0103984 | 29 | 63 | 10 | 0.0070307 | 29 | 63 | 11 |  
j60_34_9.rcp | 0.0042343 | 29 | 77 | 12 | 0.0039855 | 29 | 77 | 14 |  
j60_34_10.rcp | 0.0037213 | 30 | 92 | 15 | 0.0036815 | 30 | 92 | 21 |  
j60_35_1.rcp | 0.0031914 | 22 | 78 | 7 | 0.0029235 | 22 | 78 | 7 |  
j60_35_2.rcp | 0.003278 | 24 | 77 | 4 | 0.0027268 | 24 | 77 | 6 |  
j60_35_3.rcp | 0.0075007 | 49 | 89 | 17 | 0.0092283 | 49 | 89 | 29 |  
j60_35_4.rcp | 0.0036282 | 32 | 72 | 7 | 0.0040234 | 32 | 72 | 12 |  
j60_35_5.rcp | 0.0048027 | 29 | 76 | 7 | 0.0049133 | 29 | 76 | 10 |  
j60_35_6.rcp | 0.0038286 | 27 | 79 | 7 | 0.003621 | 27 | 79 | 11 |  
j60_35_7.rcp | 0.0026227 | 26 | 73 | 7 | 0.0025697 | 26 | 73 | 10 |  
j60_35_8.rcp | 0.0048804 | 32 | 78 | 5 | 0.0049037 | 32 | 78 | 9 |  
j60_35_9.rcp | 0.0054167 | 37 | 76 | 7 | 0.0059602 | 37 | 76 | 12 |  
j60_35_10.rcp | 0.003279 | 28 | 71 | 1 | 0.0031892 | 28 | 71 | 2 |  
j60_36_1.rcp | 0.0025895 | 21 | 61 | 4 | 0.0022851 | 21 | 61 | 5 |  
j60_36_2.rcp | 0.0033852 | 26 | 75 | 6 | 0.0032572 | 26 | 75 | 8 |  
j60_36_3.rcp | 0.0024586 | 24 | 81 | 2 | 0.0022665 | 24 | 81 | 3 |  
j60_36_4.rcp | 0.0024286 | 23 | 85 | 4 | 0.0021767 | 23 | 85 | 4 |  
j60_36_5.rcp | 0.0025231 | 21 | 57 | 4 | 0.0020914 | 21 | 57 | 8 |  
j60_36_6.rcp | 0.0021665 | 19 | 76 | 2 | 0.0022919 | 19 | 76 | 2 |  
j60_36_7.rcp | 0.0030902 | 22 | 71 | 1 | 0.0021665 | 22 | 71 | 1 |  
j60_36_8.rcp | 0.0026012 | 21 | 69 | 0 | 0.0024604 | 21 | 69 | 0 |  
j60_36_9.rcp | 0.0028147 | 26 | 86 | 0 | 0.0021635 | 26 | 86 | 1 |  
j60_36_10.rcp | 0.0026528 | 26 | 77 | 2 | 0.0026355 | 26 | 77 | 3 |  
j60_37_1.rcp | 300.00037 | 352681 | -1 | 1139981 | 300.00327 | 210684 | -1 | 761947 |  
j60_37_2.rcp | 300.00052 | 825460 | -1 | 616854 | 300.00183 | 377080 | -1 | 762758 |  
j60_37_3.rcp | 300.0003 | 1054448 | -1 | 525964 | 300.0002 | 340910 | -1 | 568352 |  
j60_37_4.rcp | 300.00034 | 424660 | -1 | 1027991 | 300.00003 | 291848 | -1 | 627639 |  
j60_37_5.rcp | 300.0003 | 316250 | -1 | 666410 | 300.00128 | 252887 | -1 | 726315 |  
j60_37_6.rcp | 300.00034 | 1281383 | -1 | 548358 | 300.00543 | 498513 | -1 | 773197 |  
j60_37_7.rcp | 300.00006 | 401758 | -1 | 918663 | 300.00046 | 281982 | -1 | 696358 |  
j60_37_8.rcp | 300.00143 | 275711 | -1 | 1242202 | 300.00027 | 165972 | -1 | 895327 |  
j60_37_9.rcp | 300.0008 | 362906 | -1 | 1120085 | 300.00024 | 356524 | -1 | 1058550 |  
j60_37_10.rcp | 300.00153 | 309163 | -1 | 533757 | 300.0017 | 281658 | -1 | 551367 |  
j60_38_1.rcp | 300.00012 | 864155 | -1 | 264390 | 300.00058 | 746185 | -1 | 562296 |  
j60_38_2.rcp | 300.00012 | 512816 | -1 | 198262 | 300.00037 | 328380 | -1 | 536096 |  
j60_38_3.rcp | 300.00024 | 953318 | -1 | 1731 | 300.00015 | 998396 | -1 | 67170 |  
j60_38_4.rcp | 5.719599 | 12919 | 58 | 4399 | 7.617594 | 12911 | 58 | 12524 |  
j60_38_5.rcp | 0.0143019 | 23 | 103 | 12 | 0.0145071 | 23 | 103 | 25 |  
j60_38_6.rcp | 0.0164924 | 36 | 86 | 13 | 0.0179593 | 36 | 86 | 30 |  
j60_38_7.rcp | 0.0192601 | 46 | 74 | 6 | 0.0201546 | 46 | 74 | 21 |  
j60_38_8.rcp | 16.699022 | 32829 | 71 | 8945 | 18.758007 | 32829 | 71 | 10663 |  
j60_38_9.rcp | 0.0123781 | 23 | 66 | 6 | 0.0136034 | 23 | 66 | 10 |  
j60_38_10.rcp | 300.00027 | 700413 | -1 | 242227 | 300.00006 | 647684 | -1 | 450258 |  
j60_39_1.rcp | 0.0226384 | 37 | 80 | 5 | 0.0129158 | 37 | 80 | 10 |  
j60_39_2.rcp | 0.0109941 | 23 | 84 | 4 | 0.0102368 | 23 | 84 | 9 |  
j60_39_3.rcp | 0.0138896 | 23 | 83 | 16 | 0.011856 | 23 | 83 | 26 |  
j60_39_4.rcp | 0.0131153 | 25 | 92 | 6 | 0.0120022 | 25 | 92 | 16 |  
j60_39_5.rcp | 0.0151385 | 29 | 73 | 8 | 0.0129505 | 29 | 73 | 14 |  
j60_39_6.rcp | 0.0438685 | 99 | 84 | 29 | 0.0500703 | 99 | 84 | 47 |  
j60_39_7.rcp | 0.0126993 | 28 | 68 | 10 | 0.0113237 | 28 | 68 | 17 |  
j60_39_8.rcp | 0.0109917 | 21 | 77 | 1 | 0.0111964 | 21 | 77 | 4 |  
j60_39_9.rcp | 0.0095779 | 19 | 72 | 4 | 0.0086464 | 19 | 72 | 6 |  
j60_39_10.rcp | 0.011355 | 27 | 74 | 6 | 0.0090771 | 27 | 74 | 10 |  
j60_40_1.rcp | 0.0086025 | 23 | 86 | 1 | 0.0064468 | 23 | 86 | 3 |  
j60_40_2.rcp | 0.0087697 | 22 | 81 | 1 | 0.0074137 | 22 | 81 | 1 |  
j60_40_3.rcp | 0.0070111 | 21 | 70 | 0 | 0.0055077 | 21 | 70 | 0 |  
j60_40_4.rcp | 0.0093841 | 23 | 87 | 2 | 0.0085673 | 23 | 87 | 5 |  
j60_40_5.rcp | 0.009031 | 23 | 83 | 0 | 0.0089615 | 23 | 83 | 3 |  
j60_40_6.rcp | 0.0078459 | 23 | 69 | 2 | 0.0056089 | 23 | 69 | 4 |  
j60_40_7.rcp | 0.0098447 | 20 | 68 | 1 | 0.0074043 | 20 | 68 | 2 |  
j60_40_8.rcp | 0.0087106 | 24 | 80 | 0 | 0.0069809 | 24 | 80 | 4 |  
j60_40_9.rcp | 0.0099518 | 27 | 90 | 0 | 0.0090225 | 27 | 90 | 2 |  
j60_40_10.rcp | 0.0091926 | 22 | 73 | 2 | 0.0069821 | 22 | 73 | 3 |  
j60_41_1.rcp | 300.00018 | 232792 | -1 | 794543 | 300.0101 | 116825 | -1 | 482719 |  
j60_41_2.rcp | 300.0004 | 274299 | -1 | 475452 | 300.00278 | 85103 | -1 | 335691 |  
j60_41_3.rcp | 300.00003 | 2013361 | -1 | 38407 | 300.00473 | 173476 | -1 | 463005 |  
j60_41_4.rcp | 300.00006 | 203411 | -1 | 474025 | 300.00116 | 173736 | -1 | 378499 |  
j60_41_5.rcp | 300.00183 | 453684 | -1 | 393671 | 300.00122 | 168464 | -1 | 440866 |  
j60_41_6.rcp | 300.0001 | 885154 | -1 | 579293 | 300.0028 | 216187 | -1 | 710030 |  
j60_41_7.rcp | 300.00067 | 427213 | -1 | 596495 | 300.00015 | 191179 | -1 | 480725 |  
j60_41_8.rcp | 300.0011 | 274725 | -1 | 712746 | 300.01163 | 102919 | -1 | 471137 |  
j60_41_9.rcp | 300.0002 | 312291 | -1 | 501351 | 300.0008 | 125540 | -1 | 329223 |  
j60_41_10.rcp | 300.00003 | 487292 | -1 | 207835 | 300.00146 | 298472 | -1 | 484816 |  
j60_42_1.rcp | 22.138422 | 22951 | 83 | 18583 | 20.224957 | 22951 | 83 | 27647 |  
j60_42_2.rcp | 2.080864 | 2747 | 68 | 2060 | 2.2176945 | 2359 | 68 | 4718 |  
j60_42_3.rcp | 300.0003 | 291585 | -1 | 355157 | 300.00037 | 198558 | -1 | 453335 |  
j60_42_4.rcp | 300.0003 | 385088 | -1 | 102600 | 300.00143 | 240436 | -1 | 703181 |  
j60_42_5.rcp | 0.0417768 | 65 | 73 | 20 | 0.0345209 | 65 | 73 | 38 |  
j60_42_6.rcp | 300.0005 | 430102 | -1 | 160988 | 300.00125 | 395107 | -1 | 307136 |  
j60_42_7.rcp | 300.00186 | 233102 | -1 | 458743 | 300.00394 | 127279 | -1 | 702270 |  
j60_42_8.rcp | 300.00052 | 346100 | -1 | 56958 | 300.0018 | 256351 | -1 | 112147 |  
j60_42_9.rcp | 300.00278 | 344412 | -1 | 136813 | 300.00122 | 186257 | -1 | 564395 |  
j60_42_10.rcp | 300.00067 | 306037 | -1 | 190971 | 300.00073 | 165207 | -1 | 370462 |  
j60_43_1.rcp | 300.0015 | 340688 | -1 | 71498 | 300.00064 | 325669 | -1 | 533263 |  
j60_43_2.rcp | 300.0002 | 348247 | -1 | 207579 | 300.00058 | 362685 | -1 | 362277 |  
j60_43_3.rcp | 0.0193888 | 26 | 74 | 1 | 0.014313 | 26 | 74 | 1 |  
j60_43_4.rcp | 300.00076 | 415466 | -1 | 0 | 300.00006 | 412439 | -1 | 1168 |  
j60_43_5.rcp | 300.0004 | 466047 | -1 | 308049 | 300.00034 | 650386 | -1 | 528903 |  
j60_43_6.rcp | 16.154013 | 22410 | 84 | 383 | 10.466676 | 22410 | 84 | 1720 |  
j60_43_7.rcp | 0.033504 | 29 | 89 | 8 | 0.0302738 | 29 | 89 | 18 |  
j60_43_8.rcp | 0.02265 | 24 | 69 | 1 | 0.0169043 | 24 | 69 | 6 |  
j60_43_9.rcp | 300.00076 | 407639 | -1 | 22894 | 300.00006 | 435962 | -1 | 47534 |  
j60_43_10.rcp | 3.8904686 | 4220 | 78 | 1750 | 2.8901992 | 4220 | 78 | 2845 |  
j60_44_1.rcp | 0.0190372 | 27 | 84 | 0 | 0.0128513 | 27 | 84 | 0 |  
j60_44_2.rcp | 0.0176697 | 22 | 68 | 1 | 0.013018 | 22 | 68 | 1 |  
j60_44_3.rcp | 0.0172405 | 26 | 87 | 0 | 0.012477 | 26 | 87 | 0 |  
j60_44_4.rcp | 0.0152002 | 22 | 77 | 0 | 0.0106015 | 22 | 77 | 0 |  
j60_44_5.rcp | 0.0238105 | 26 | 74 | 1 | 0.0183094 | 26 | 74 | 2 |  
j60_44_6.rcp | 0.017664 | 24 | 81 | 0 | 0.0111278 | 24 | 81 | 0 |  
j60_44_7.rcp | 0.0163393 | 19 | 76 | 0 | 0.01008 | 19 | 76 | 0 |  
j60_44_8.rcp | 0.0182807 | 22 | 83 | 1 | 0.0146657 | 22 | 83 | 3 |  
j60_44_9.rcp | 0.0137609 | 22 | 65 | 0 | 0.0095699 | 22 | 65 | 0 |  
j60_44_10.rcp | 0.0151929 | 20 | 65 | 2 | 0.0098332 | 20 | 65 | 7 |  
j60_45_1.rcp | 300.0005 | 557985 | -1 | 156924 | 300.01056 | 102766 | -1 | 307040 |  
j60_45_2.rcp | 300.0002 | 1101791 | -1 | 4492 | 300.00876 | 149203 | -1 | 207596 |  
j60_45_3.rcp | 300.00012 | 1196348 | -1 | 263 | 300.00766 | 87167 | -1 | 148028 |  
j60_45_4.rcp | 300.00015 | 766876 | -1 | 66667 | 300.00067 | 204308 | -1 | 295918 |  
j60_45_5.rcp | 300.00098 | 617335 | -1 | 140148 | 300.00323 | 95010 | -1 | 286577 |  
j60_45_6.rcp | 300.0007 | 456923 | -1 | 117467 | 300.00186 | 55921 | -1 | 250550 |  
j60_45_7.rcp | 300.00006 | 686592 | -1 | 27755 | 300.00555 | 141017 | -1 | 217260 |  
j60_45_8.rcp | 300.0007 | 490687 | -1 | 225396 | 300.01184 | 50924 | -1 | 231941 |  
j60_45_9.rcp | 300.00006 | 728640 | -1 | 102821 | 300.0001 | 120090 | -1 | 296565 |  
j60_45_10.rcp | 300.00018 | 833085 | -1 | 7826 | 300.0011 | 103759 | -1 | 409794 |  
j60_46_1.rcp | 300.00012 | 268440 | -1 | 10717 | 300.0001 | 225287 | -1 | 114449 |  
j60_46_2.rcp | 300.00076 | 217654 | -1 | 170056 | 300.00162 | 169452 | -1 | 270186 |  
j60_46_3.rcp | 300.00012 | 180124 | -1 | 285255 | 300.00137 | 140485 | -1 | 449836 |  
j60_46_4.rcp | 300.0002 | 318569 | -1 | 60698 | 300.0004 | 210166 | -1 | 190023 |  
j60_46_5.rcp | 300.00003 | 281443 | -1 | 176642 | 300.00046 | 85431 | -1 | 381339 |  
j60_46_6.rcp | 300.00467 | 163783 | -1 | 261968 | 300.00372 | 98465 | -1 | 345017 |  
j60_46_7.rcp | 300.0009 | 170573 | -1 | 104409 | 300.00998 | 122697 | -1 | 209002 |  
j60_46_8.rcp | 300.0028 | 219988 | -1 | 89995 | 300.0009 | 172997 | -1 | 175823 |  
j60_46_9.rcp | 300.00058 | 329929 | -1 | 198536 | 300.00192 | 212723 | -1 | 275618 |  
j60_46_10.rcp | 300.0004 | 215581 | -1 | 104066 | 300.00107 | 195212 | -1 | 52057 |  
j60_47_1.rcp | 0.1593788 | 166 | 75 | 0 | 0.104512304 | 166 | 75 | 42 |  
j60_47_2.rcp | 39.968372 | 31422 | 66 | 3736 | 36.74219 | 31404 | 66 | 5448 |  
j60_47_3.rcp | 0.0302097 | 18 | 69 | 1 | 0.0198247 | 18 | 69 | 4 |  
j60_47_4.rcp | 0.0345187 | 24 | 76 | 0 | 0.0320675 | 24 | 76 | 8 |  
j60_47_5.rcp | 300.00012 | 223939 | -1 | 136390 | 300.0004 | 208819 | -1 | 266941 |  
j60_47_6.rcp | 0.053669 | 42 | 76 | 1 | 0.0383476 | 42 | 76 | 7 |  
j60_47_7.rcp | 123.521576 | 114414 | 68 | 10184 | 122.83471 | 114414 | 68 | 49944 |  
j60_47_8.rcp | 192.27672 | 184295 | 71 | 13308 | 168.55946 | 178943 | 71 | 53391 |  
j60_47_9.rcp | 3.865702 | 3715 | 76 | 233 | 3.0217228 | 3501 | 76 | 624 |  
j60_47_10.rcp | 75.769066 | 64934 | 66 | 28140 | 65.54403 | 58094 | 66 | 67580 |  
j60_48_1.rcp | 0.0257875 | 23 | 71 | 0 | 0.0142556 | 23 | 71 | 1 |  
j60_48_2.rcp | 0.0222531 | 21 | 87 | 0 | 0.0160391 | 21 | 87 | 0 |  
j60_48_3.rcp | 0.0230346 | 19 | 84 | 1 | 0.0156187 | 19 | 84 | 3 |  
j60_48_4.rcp | 0.0272647 | 24 | 62 | 1 | 0.0214071 | 24 | 62 | 2 |  
j60_48_5.rcp | 0.0284005 | 27 | 101 | 0 | 0.0199885 | 27 | 101 | 0 |  
j60_48_6.rcp | 0.0252671 | 23 | 66 | 1 | 0.0189282 | 23 | 66 | 1 |  
j60_48_7.rcp | 0.0326076 | 27 | 77 | 0 | 0.0171216 | 27 | 77 | 3 |  
j60_48_8.rcp | 0.0264161 | 22 | 88 | 1 | 0.0211428 | 22 | 88 | 6 |  
j60_48_9.rcp | 0.0211687 | 21 | 82 | 0 | 0.016893 | 21 | 82 | 3 |  
j60_48_10.rcp | 0.0229596 | 21 | 70 | 0 | 0.0154089 | 21 | 70 | 2 |  
AVERAGE |3.9621665 | 8529.45 | 5591.768 | 3.7132297 | 8335.232 | 7848.662 |  
TIME RATIO  = 106.70404