2020-06-30
 08:15:51.820946400
Data/BL/
 BRANCHEMENT STATIQUE  
 Inst |old_time |old_backt |makespan |old_prop |new_time |new_backt |makespan |new_prop|
bl_20_1 | 0.0473594 | 42 | 16 | 44 | 0.0410039 | 42 | 16 | 96 |  
bl_20_2 | 0.0261093 | 63 | 16 | 86 | 0.0185872 | 63 | 16 | 146 |  
bl_20_3 | 300.00015 | 3943598 | -1 | 5832943 | 300.00024 | 2722304 | -1 | 5251711 |  
bl_20_4 | 0.0060189 | 59 | 18 | 54 | 0.005126 | 35 | 18 | 54 |  
bl_20_5 | 834.21063 | 106259 | -1 | 102291 | 300.0087 | 2696405 | -1 | 4871402 |  
bl_20_6 | 0.1577919 | 3364 | 16 | 1325 | 0.350121 | 3364 | 16 | 4944 |  
bl_20_7 | 10.93132 | 178809 | 19 | 179672 | 11.0574875 | 123043 | 19 | 180061 |  
bl_20_8 | 300.00003 | 10905929 | -1 | 1535981 | 261.03195 | 4630099 | 20 | 3513851 |  
bl_20_9 | 0.0046829 | 86 | 14 | 30 | 0.0039243 | 84 | 14 | 55 |  
bl_20_10 | 0.0266574 | 337 | 16 | 234 | 0.027568 | 218 | 16 | 459 |  
bl_20_11 | 9.585E-4 | 23 | 17 | 4 | 0.0011898 | 23 | 17 | 10 |  
bl_20_12 | 300.0001 | 5672053 | -1 | 5078244 | 300.0001 | 3210994 | -1 | 7883555 |  
bl_20_13 | 0.0276513 | 358 | 17 | 500 | 0.041656 | 322 | 17 | 654 |  
bl_20_14 | 9.03209 | 112857 | 18 | 81471 | 7.0870414 | 44421 | 18 | 101646 |  
bl_20_15 | 0.083545506 | 1589 | 13 | 1278 | 0.1061169 | 1379 | 13 | 2210 |  
bl_20_16 | 35.21764 | 647573 | 19 | 511388 | 38.981483 | 519351 | 19 | 576823 |  
bl_20_17 | 0.0374685 | 549 | 15 | 512 | 0.0223448 | 303 | 15 | 537 |  
bl_20_18 | 1.681422 | 37071 | 18 | 15805 | 2.0339594 | 26757 | 18 | 26731 |  
bl_20_19 | 9.043E-4 | 22 | 14 | 11 | 0.0011732 | 22 | 14 | 13 |  
bl_20_20 | 0.07565071 | 1352 | 15 | 807 | 0.088369295 | 858 | 15 | 1135 |  
AVERAGE |4.0169764 | 68409.586 | 57229.0 | 18.876417 | 314728.47 | 259377.94 |  
TIME RATIO  = 21.280397 backtracks= 11.02020-06-30
 09:06:05.848857700
Data/BL/
 BRANCHEMENT DYNAMIQUE  
 Inst |old_time |old_backt |makespan |old_prop |new_time |new_backt |makespan |new_prop|
bl_20_1 | 0.027794 | 201 | 16 | 271 | 0.0343543 | 189 | 16 | 458 |  
bl_20_2 | 0.0296334 | 367 | 16 | 341 | 0.0383284 | 367 | 16 | 644 |  
bl_20_3 | 0.4304069 | 4451 | 15 | 5256 | 0.6624378 | 4565 | 15 | 12954 |  
bl_20_4 | 0.0016271 | 13 | 18 | 4 | 0.0015323 | 13 | 18 | 16 |  
bl_20_5 | 52.7104 | 640383 | 19 | 1068927 | 108.71354 | 763197 | 19 | 1793881 |  
bl_20_6 | 0.0013845 | 15 | 16 | 9 | 0.001634 | 15 | 16 | 22 |  
bl_20_7 | 1.9761988 | 26442 | 19 | 15937 | 1.9660801 | 17596 | 19 | 26425 |  
bl_20_8 | 0.0411067 | 773 | 20 | 594 | 0.06965809 | 1253 | 20 | 860 |  
bl_20_9 | 0.0033968 | 65 | 14 | 16 | 0.0016324 | 23 | 14 | 22 |  
bl_20_10 | 0.0011852 | 18 | 16 | 13 | 0.0015805 | 18 | 16 | 25 |  
bl_20_11 | 7.186E-4 | 15 | 17 | 2 | 0.0012744 | 16 | 17 | 9 |  
bl_20_12 | 5.0956407 | 74241 | 18 | 91963 | 11.855557 | 108951 | 18 | 297108 |  
bl_20_13 | 0.0188471 | 243 | 17 | 237 | 0.0277883 | 266 | 17 | 565 |  
bl_20_14 | 0.0213028 | 262 | 18 | 179 | 0.0295034 | 172 | 18 | 329 |  
bl_20_15 | 0.0091878 | 164 | 13 | 113 | 0.0150537 | 196 | 13 | 306 |  
bl_20_16 | 0.0138776 | 285 | 19 | 147 | 0.0144723 | 194 | 19 | 208 |  
bl_20_17 | 0.0543335 | 740 | 15 | 674 | 0.0623278 | 730 | 15 | 819 |  
bl_20_18 | 2.3908753 | 29013 | 18 | 37168 | 2.9625604 | 24329 | 18 | 43318 |  
bl_20_19 | 0.0010412 | 18 | 14 | 6 | 0.0011012 | 18 | 14 | 13 |  
bl_20_20 | 0.1412414 | 1976 | 15 | 1335 | 0.1642962 | 1524 | 15 | 2111 |  
AVERAGE |3.5475335 | 52504.0 | 59353.65 | 12.095239 | 169568.0 | 178095.08 |  
TIME RATIO  = 29.33 backtracks= 19.02020-06-30
 09:19:06.499114100
Data/BL/
 BRANCHEMENT STATIQUE  
 Inst |old_time |old_backt |makespan |old_prop |new_time |new_backt |makespan |new_prop|
bl_25_4 | 12.933447 | 112799 | 22 | 108536 | 11.095702 | 77105 | 22 | 110507 |  
bl_25_5 | 300.0108 | 4849463 | -1 | 3148706 | 300.0002 | 4079006 | -1 | 3513877 |  
bl_25_6 | 7.1675386 | 78319 | 33 | 28892 | 7.165195 | 72139 | 33 | 24777 |  
bl_25_7 | 300.0001 | 5600320 | -1 | 1532011 | 300.0001 | 4658516 | -1 | 1859720 |  
bl_25_8 | 300.00003 | 5039656 | -1 | 2361752 | 300.00018 | 3636323 | -1 | 3322325 |  
bl_25_9 | 218.37181 | 2393847 | 27 | 1756036 | 254.52803 | 2117625 | 27 | 2146290 |  
bl_25_10 | 4.55769 | 83666 | 23 | 45155 | 4.734776 | 59362 | 23 | 41952 |  
bl_25_11 | 0.4723844 | 4018 | 24 | 8846 | 0.75323343 | 3224 | 24 | 14013 |  
bl_25_12 | 300.0001 | 5807749 | -1 | 218691 | 300.00006 | 6107532 | -1 | 433737 |  
bl_25_13 | 55.21931 | 1353577 | 17 | 393505 | 45.952755 | 1000409 | 17 | 444760 |  
bl_25_14 | 50.04988 | 323886 | 30 | 746314 | 77.07097 | 296200 | 30 | 980289 |  
bl_25_15 | 1.4862407 | 18763 | 20 | 13712 | 1.046267 | 4549 | 20 | 16195 |  
bl_25_16 | 252.8435 | 4827683 | 20 | 1892208 | 123.335686 | 1596409 | 20 | 1507711 |  
bl_25_17 | 14.998956 | 208883 | 26 | 100272 | 9.682103 | 100913 | 26 | 76349 |  
bl_25_18 | 300.00015 | 3618652 | -1 | 2672638 | 300.0001 | 2507887 | -1 | 2656489 |  
bl_25_19 | 300.00006 | 6345121 | -1 | 1300885 | 300.00006 | 5457822 | -1 | 2444101 |  
bl_25_20 | 300.0001 | 7018985 | -1 | 235472 | 300.00012 | 7568374 | -1 | 505206 |  
AVERAGE |61.810078 | 940544.1 | 509347.6 | 53.536476 | 532793.5 | 536284.3 |  
TIME RATIO  = 115.45414 backtracks= 10.02020-06-30
 12:02:33.466465200
Data/BL/
 BRANCHEMENT DYNAMIQUE  
 Inst |old_time |old_backt |makespan |old_prop |new_time |new_backt |makespan |new_prop|
bl_25_1 | 148.2468 | 920842 | 27 | 1470363 | 127.339645 | 508938 | 27 | 1395088 |  
bl_25_2 | 17.759634 | 123463 | 29 | 107783 | 22.913324 | 95867 | 29 | 205743 |  
bl_25_3 | 30.419844 | 276605 | 23 | 221147 | 43.468506 | 230322 | 23 | 457430 |  
bl_25_4 | 0.086884305 | 651 | 22 | 858 | 0.083846 | 383 | 22 | 1003 |  
bl_25_5 | 1.8158348 | 25288 | 28 | 15932 | 1.025398 | 9197 | 28 | 10748 |  
bl_25_6 | 0.0643379 | 673 | 33 | 199 | 0.0776776 | 577 | 33 | 445 |  
bl_25_7 | 300.00034 | 2453599 | -1 | 1922523 | 300.0002 | 1653933 | -1 | 2295241 |  
bl_25_8 | 0.7702303 | 6327 | 24 | 10922 | 1.2260555 | 6035 | 24 | 17611 |  
bl_25_9 | 0.5044765 | 4422 | 27 | 4235 | 0.5417884 | 2752 | 27 | 6180 |  
bl_25_10 | 0.0017636 | 18 | 23 | 7 | 0.0023635 | 18 | 23 | 14 |  
bl_25_11 | 0.0349018 | 302 | 24 | 398 | 0.0392642 | 206 | 24 | 505 |  
bl_25_12 | 300.00027 | 2798506 | -1 | 1440835 | 300.00018 | 2021308 | -1 | 1553225 |  
bl_25_13 | 0.3188669 | 4956 | 17 | 2803 | 0.1769957 | 3189 | 17 | 1035 |  
bl_25_14 | 1.2148427 | 13243 | 30 | 5410 | 1.6459671 | 13404 | 30 | 7064 |  
bl_25_15 | 0.1108404 | 755 | 20 | 1483 | 0.0460032 | 238 | 20 | 557 |  
bl_25_16 | 0.0879587 | 907 | 20 | 645 | 0.2161854 | 1819 | 20 | 2105 |  
bl_25_17 | 1.0129027 | 7911 | 26 | 6115 | 0.9482746 | 5417 | 26 | 5956 |  
bl_25_18 | 12.113378 | 101580 | 23 | 126931 | 15.554898 | 77881 | 23 | 180000 |  
bl_25_19 | 4.26002 | 41929 | 23 | 27470 | 3.8293595 | 28513 | 23 | 28899 |  
bl_25_20 | 14.112471 | 146615 | 28 | 64181 | 22.747892 | 131440 | 28 | 155349 |  
AVERAGE |12.940887 | 93138.164 | 114826.78 | 13.43797 | 62010.89 | 137540.67 |  
TIME RATIO  = 96.3009 backtracks= 15.0