2020-06-22
 14:32:41.784911100
Data/J30/ 
  BRANCHEMENT STATIQUE 
Inst |old_time |old_backt |makespan |old_prop |new_time |new_backt |makespan |new_prop|  
j30_1_1.rcp | 0.06816231 | 24 | 43 | 13 | 0.0349871 | 24 | 43 | 13 |  
j30_1_2.rcp | 3.0028224 | 18521 | 47 | 31236 | 1.7194363 | 18521 | 47 | 31236 |  
j30_1_3.rcp | 0.0060586 | 38 | 47 | 22 | 0.0050748 | 38 | 47 | 22 |  
j30_1_4.rcp | 300.0138 | 5035176 | -1 | 137258 | 300.006 | 8891587 | -1 | 247431 |  
j30_1_5.rcp | 49.76143 | 404136 | 39 | 586219 | 29.42135 | 404136 | 39 | 589011 |  
j30_1_6.rcp | 5.088079 | 33674 | 48 | 30049 | 3.1667514 | 33674 | 48 | 36695 |  
j30_1_7.rcp | 0.0031925 | 17 | 60 | 12 | 0.0017797 | 17 | 60 | 12 |  
j30_1_8.rcp | 0.0016778 | 13 | 53 | 13 | 0.0011756 | 13 | 53 | 13 |  
j30_1_9.rcp | 300.00098 | 2704163 | -1 | 3006479 | 203.19305 | 3411082 | 49 | 3930793 |  
j30_1_10.rcp | 0.0126018 | 70 | 45 | 132 | 0.0092073 | 70 | 45 | 132 |  
j30_2_1.rcp | 0.0048811 | 23 | 38 | 28 | 0.002262 | 23 | 38 | 28 |  
j30_2_2.rcp | 0.0029552 | 26 | 51 | 10 | 0.0024673 | 26 | 51 | 10 |  
j30_2_3.rcp | 0.0012113 | 14 | 43 | 1 | 7.234E-4 | 14 | 43 | 1 |  
j30_2_4.rcp | 0.002377 | 19 | 43 | 5 | 0.001247 | 19 | 43 | 5 |  
j30_2_5.rcp | 0.0024456 | 37 | 51 | 15 | 0.0014871 | 37 | 51 | 15 |  
j30_2_6.rcp | 0.0023826 | 21 | 47 | 9 | 0.0014672 | 21 | 47 | 9 |  
j30_2_7.rcp | 0.0014454 | 13 | 47 | 8 | 0.00128 | 13 | 47 | 8 |  
j30_2_8.rcp | 0.0024671 | 20 | 54 | 19 | 0.0032699 | 20 | 54 | 19 |  
j30_2_9.rcp | 0.0038039 | 20 | 54 | 18 | 0.0023371 | 20 | 54 | 18 |  
j30_2_10.rcp | 0.0089006 | 78 | 43 | 67 | 0.0043711 | 78 | 43 | 67 |  
j30_3_1.rcp | 0.0014913 | 13 | 72 | 5 | 0.0014233 | 13 | 72 | 5 |  
j30_3_2.rcp | 0.0023913 | 18 | 40 | 6 | 0.0010553 | 18 | 40 | 6 |  
j30_3_3.rcp | 0.0017497 | 15 | 57 | 8 | 8.612E-4 | 15 | 57 | 8 |  
j30_3_4.rcp | 0.0015223 | 15 | 98 | 8 | 0.0010135 | 15 | 98 | 8 |  
j30_3_5.rcp | 0.0029393 | 31 | 53 | 9 | 0.001964 | 31 | 53 | 9 |  
j30_3_6.rcp | 0.001839 | 19 | 54 | 5 | 0.0013255 | 19 | 54 | 5 |  
j30_3_7.rcp | 0.0019719 | 16 | 48 | 6 | 0.0011288 | 16 | 48 | 6 |  
j30_3_8.rcp | 0.0010674 | 13 | 54 | 3 | 7.675E-4 | 13 | 54 | 3 |  
j30_3_9.rcp | 0.0079759 | 87 | 65 | 30 | 0.0065229 | 87 | 65 | 30 |  
j30_3_10.rcp | 0.0029881 | 18 | 59 | 9 | 0.0022418 | 18 | 59 | 9 |  
j30_4_1.rcp | 0.0011694 | 13 | 49 | 2 | 0.0011302 | 13 | 49 | 2 |  
j30_4_2.rcp | 0.001415 | 16 | 60 | 4 | 0.0011542 | 16 | 60 | 4 |  
j30_4_3.rcp | 0.0015422 | 13 | 47 | 5 | 9.86E-4 | 13 | 47 | 5 |  
j30_4_4.rcp | 0.0010465 | 12 | 57 | 2 | 8.211E-4 | 12 | 57 | 2 |  
j30_4_5.rcp | 0.0016586 | 14 | 59 | 5 | 0.0014928 | 14 | 59 | 5 |  
j30_4_6.rcp | 0.0010762 | 12 | 45 | 4 | 6.872E-4 | 12 | 45 | 4 |  
j30_4_7.rcp | 0.001547 | 11 | 56 | 2 | 0.0010982 | 11 | 56 | 2 |  
j30_4_8.rcp | 9.358E-4 | 13 | 55 | 0 | 7.667E-4 | 13 | 55 | 0 |  
j30_4_9.rcp | 9.383E-4 | 10 | 38 | 4 | 7.272E-4 | 10 | 38 | 4 |  
j30_4_10.rcp | 0.0019225 | 11 | 48 | 3 | 8.156E-4 | 11 | 48 | 3 |  
j30_5_1.rcp | 300.00034 | 685786 | -1 | 1292939 | 300.00012 | 1255622 | -1 | 2038540 |  
j30_5_2.rcp | 300.00012 | 620756 | -1 | 1468954 | 300.00012 | 932672 | -1 | 2249327 |  
j30_5_3.rcp | 300.00018 | 417784 | -1 | 1284657 | 300.00113 | 633973 | -1 | 2067307 |  
j30_5_4.rcp | 300.00012 | 781089 | -1 | 1306958 | 300.00058 | 1305899 | -1 | 1963422 |  
j30_5_5.rcp | 300.00018 | 701541 | -1 | 996719 | 300.0004 | 1134724 | -1 | 2053962 |  
j30_5_6.rcp | 300.00052 | 779164 | -1 | 1246144 | 300.00046 | 1231860 | -1 | 2089992 |  
j30_5_7.rcp | 300.0001 | 713499 | -1 | 1334056 | 300.00012 | 1241334 | -1 | 2315019 |  
j30_5_8.rcp | 300.00098 | 661405 | -1 | 1558354 | 300.0012 | 1046530 | -1 | 2518244 |  
j30_5_9.rcp | 300.00052 | 661238 | -1 | 889609 | 300.00015 | 1048840 | -1 | 1409168 |  
j30_5_10.rcp | 300.0004 | 497745 | -1 | 1389424 | 300.0002 | 764404 | -1 | 2312527 |  
j30_6_1.rcp | 300.0005 | 866785 | -1 | 604737 | 300.00003 | 1478209 | -1 | 941453 |  
j30_6_2.rcp | 300.00024 | 524841 | -1 | 1309372 | 300.00003 | 1016006 | -1 | 2534980 |  
j30_6_3.rcp | 29.231636 | 65774 | 48 | 44559 | 15.534706 | 65774 | 48 | 44559 |  
j30_6_4.rcp | 300.0007 | 765913 | -1 | 1044426 | 300.00015 | 1477672 | -1 | 1984159 |  
j30_6_5.rcp | 300.00034 | 833441 | -1 | 596080 | 300.00055 | 1380483 | -1 | 1172498 |  
j30_6_6.rcp | 0.0090602 | 19 | 37 | 21 | 0.0044935 | 19 | 37 | 21 |  
j30_6_7.rcp | 0.0120408 | 22 | 46 | 25 | 0.0058582 | 22 | 46 | 25 |  
j30_6_8.rcp | 0.0085914 | 20 | 39 | 14 | 0.0071324 | 20 | 39 | 14 |  
j30_6_9.rcp | 0.0073053 | 19 | 51 | 15 | 0.00425 | 19 | 51 | 15 |  
j30_6_10.rcp | 300.00003 | 880090 | -1 | 1022597 | 300.0001 | 1448736 | -1 | 1875247 |  
j30_7_1.rcp | 0.0094784 | 16 | 55 | 1 | 0.0027989 | 16 | 55 | 1 |  
j30_7_2.rcp | 0.004171 | 16 | 42 | 3 | 0.0027143 | 16 | 42 | 3 |  
j30_7_3.rcp | 0.0064815 | 18 | 42 | 7 | 0.0033525 | 18 | 42 | 7 |  
j30_7_4.rcp | 0.005411 | 19 | 44 | 5 | 0.0029938 | 19 | 44 | 5 |  
j30_7_5.rcp | 0.0121723 | 44 | 44 | 8 | 0.0073244 | 44 | 44 | 8 |  
j30_7_6.rcp | 0.0032538 | 13 | 35 | 3 | 0.001733 | 13 | 35 | 3 |  
j30_7_7.rcp | 0.0061892 | 12 | 50 | 12 | 0.0034209 | 12 | 50 | 12 |  
j30_7_8.rcp | 0.0177646 | 27 | 44 | 29 | 0.0066336 | 27 | 44 | 29 |  
j30_7_9.rcp | 0.0093337 | 23 | 60 | 8 | 0.0053612 | 23 | 60 | 8 |  
j30_7_10.rcp | 29.037518 | 153428 | 49 | 23310 | 17.406807 | 153428 | 49 | 8783 |  
j30_8_1.rcp | 0.0018143 | 11 | 44 | 0 | 0.0011034 | 11 | 44 | 0 |  
j30_8_2.rcp | 0.0021805 | 13 | 51 | 0 | 0.0013485 | 13 | 51 | 0 |  
j30_8_3.rcp | 0.0023565 | 14 | 53 | 1 | 0.0014172 | 14 | 53 | 1 |  
j30_8_4.rcp | 0.0036164 | 16 | 48 | 2 | 0.0020261 | 16 | 48 | 2 |  
j30_8_5.rcp | 0.0035984 | 15 | 58 | 1 | 0.0017216 | 15 | 58 | 1 |  
j30_8_6.rcp | 0.003358 | 13 | 47 | 3 | 0.0018621 | 13 | 47 | 3 |  
j30_8_7.rcp | 0.0036507 | 11 | 41 | 1 | 0.0017241 | 11 | 41 | 1 |  
j30_8_8.rcp | 0.0036462 | 15 | 51 | 3 | 0.0021058 | 15 | 51 | 3 |  
j30_8_9.rcp | 0.0033136 | 15 | 39 | 0 | 0.0016455 | 15 | 39 | 0 |  
j30_8_10.rcp | 0.0062018 | 14 | 67 | 1 | 0.0032756 | 14 | 67 | 1 |  
j30_9_1.rcp | 300.00037 | 237505 | -1 | 859787 | 300.00107 | 375583 | -1 | 1357427 |  
j30_9_2.rcp | 300.00052 | 278164 | -1 | 808758 | 300.0011 | 424110 | -1 | 1183177 |  
j30_9_3.rcp | 300.00034 | 186639 | -1 | 810835 | 300.00064 | 277438 | -1 | 1286785 |  
j30_9_4.rcp | 300.0024 | 179582 | -1 | 687233 | 300.00024 | 284666 | -1 | 1141048 |  
j30_9_5.rcp | 300.00388 | 178232 | -1 | 318398 | 300.0011 | 392836 | -1 | 744286 |  
j30_9_6.rcp | 300.00076 | 257716 | -1 | 720511 | 300.00146 | 428032 | -1 | 1187349 |  
j30_9_7.rcp | 300.00128 | 446197 | -1 | 864738 | 300.00125 | 714059 | -1 | 1385028 |  
j30_9_8.rcp | 300.00082 | 171041 | -1 | 707450 | 300.00012 | 264955 | -1 | 1069553 |  
j30_9_9.rcp | 300.00238 | 235644 | -1 | 872524 | 300.00247 | 352936 | -1 | 1340516 |  
j30_9_10.rcp | 300.0008 | 289511 | -1 | 585778 | 300.00015 | 535676 | -1 | 1054392 |  
j30_10_1.rcp | 0.0100026 | 16 | 42 | 6 | 0.0052808 | 16 | 42 | 6 |  
j30_10_2.rcp | 300.00226 | 350932 | -1 | 441429 | 300.00006 | 603559 | -1 | 785047 |  
j30_10_3.rcp | 57.51931 | 57870 | 62 | 96967 | 32.884953 | 57870 | 62 | 99690 |  
j30_10_4.rcp | 300.00024 | 481710 | -1 | 319818 | 300.00018 | 800277 | -1 | 532501 |  
j30_10_5.rcp | 6.6015964 | 9730 | 41 | 13550 | 3.2115853 | 9730 | 41 | 14546 |  
j30_10_6.rcp | 17.625648 | 22312 | 44 | 21936 | 11.329747 | 22312 | 44 | 24446 |  
j30_10_7.rcp | 0.1180924 | 230 | 49 | 130 | 0.0601232 | 230 | 49 | 130 |  
j30_10_8.rcp | 300.00015 | 470064 | -1 | 104334 | 208.66798 | 514107 | 54 | 113674 |  
j30_10_9.rcp | 0.0184068 | 38 | 49 | 27 | 0.0092404 | 38 | 49 | 27 |  
j30_10_10.rcp | 300.00027 | 484747 | -1 | 450923 | 300.00012 | 759872 | -1 | 730125 |  
j30_11_1.rcp | 300.00055 | 323726 | -1 | 279734 | 300.0004 | 538757 | -1 | 471186 |  
j30_11_2.rcp | 0.0384426 | 50 | 56 | 25 | 0.0236968 | 50 | 56 | 31 |  
j30_11_3.rcp | 0.0100498 | 19 | 81 | 10 | 0.0048834 | 19 | 81 | 10 |  
j30_11_4.rcp | 0.0173078 | 22 | 63 | 11 | 0.008405 | 22 | 63 | 11 |  
j30_11_5.rcp | 26.231918 | 33858 | 49 | 64743 | 16.227175 | 33858 | 49 | 66115 |  
j30_11_6.rcp | 2.0518613 | 4489 | 44 | 1504 | 0.90833175 | 4489 | 44 | 1504 |  
j30_11_7.rcp | 0.0126321 | 282020-06-22
 21:23:36.127698600
Data/J30/ 
  BRANCHEMENT STATIQUE 
Inst |old_time |old_backt |makespan |old_prop |new_time |new_backt |makespan |new_prop|  
j30_12_1.rcp | 0.0547772 | 12 | 47 | 7 | 0.031834 | 12 | 47 | 7 |  
j30_12_2.rcp | 0.0110431 | 11 | 46 | 4 | 0.0112314 | 11 | 46 | 4 |  
j30_12_3.rcp | 0.0113265 | 14 | 37 | 5 | 0.0114521 | 14 | 37 | 5 |  
j30_12_4.rcp | 0.0113415 | 12 | 63 | 1 | 0.014471 | 12 | 63 | 1 |  
j30_12_5.rcp | 0.0098072 | 14 | 47 | 0 | 0.0072115 | 14 | 47 | 0 |  
j30_12_6.rcp | 0.0105257 | 12 | 53 | 4 | 0.0086175 | 12 | 53 | 4 |  
j30_12_7.rcp | 0.0153154 | 14 | 55 | 1 | 0.0103801 | 14 | 55 | 1 |  
j30_12_8.rcp | 0.0129505 | 15 | 35 | 0 | 0.0073055 | 15 | 35 | 0 |  
j30_12_9.rcp | 0.021505 | 11 | 52 | 4 | 0.011633 | 11 | 52 | 4 |  
j30_12_10.rcp | 0.0116611 | 12 | 57 | 0 | 0.0073454 | 12 | 57 | 0 |  
j30_13_1.rcp | 300.0004 | 240257 | -1 | 494267 | 300.00018 | 388234 | -1 | 879201 |  
j30_13_2.rcp | 300.0001 | 279974 | -1 | 416215 | 300.00006 | 488549 | -1 | 715194 |  
j30_13_3.rcp | 300.0003 | 322904 | -1 | 433376 | 300.00067 | 407616 | -1 | 637292 |  
j30_13_4.rcp | 300.0042 | 161154 | -1 | 490882 | 300.0024 | 259030 | -1 | 897441 |  
j30_13_5.rcp | 300.00522 | 642836 | -1 | 417219 | 300.0042 | 706580 | -1 | 495418 |  
j30_13_6.rcp | 300.0003 | 260778 | -1 | 409662 | 300.00208 | 450236 | -1 | 761820 |  
j30_13_7.rcp | 300.0023 | 298502 | -1 | 289779 | 300.00153 | 447868 | -1 | 470771 |  
j30_13_8.rcp | 300.00256 | 104768 | -1 | 419827 | 300.00146 | 167174 | -1 | 681689 |  
j30_13_9.rcp | 300.00946 | 170509 | -1 | 312436 | 300.00024 | 273139 | -1 | 571690 |  
j30_13_10.rcp | 300.00192 | 392022 | -1 | 306605 | 300.00015 | 577250 | -1 | 500385 |  
j30_14_1.rcp | 300.00064 | 310925 | -1 | 216592 | 300.0001 | 542411 | -1 | 371097 |  
j30_14_2.rcp | 300.00293 | 240585 | -1 | 216590 | 300.00037 | 396065 | -1 | 359210 |  
j30_14_3.rcp | 300.0003 | 179161 | -1 | 437620 | 300.00018 | 333671 | -1 | 964239 |  
j30_14_4.rcp | 300.00037 | 222768 | -1 | 483023 | 300.00027 | 431122 | -1 | 1028685 |  
j30_14_5.rcp | 300.0023 | 322586 | -1 | 118189 | 300.00064 | 585362 | -1 | 211785 |  
j30_14_6.rcp | 300.0005 | 385429 | -1 | 222569 | 300.00015 | 676151 | -1 | 396401 |  
j30_14_7.rcp | 300.00372 | 229837 | -1 | 668361 | 300.00024 | 399228 | -1 | 1331607 |  
j30_14_8.rcp | 0.0219242 | 20 | 54 | 22 | 0.0106623 | 20 | 54 | 22 |  
j30_14_9.rcp | 300.00034 | 402258 | -1 | 112802 | 300.00018 | 716721 | -1 | 217078 |  
j30_14_10.rcp | 300.0002 | 291056 | -1 | 135747 | 300.00116 | 487552 | -1 | 227350 |  
j30_15_1.rcp | 0.0247764 | 28 | 46 | 16 | 0.0128099 | 28 | 46 | 16 |  
j30_15_2.rcp | 0.0112229 | 13 | 47 | 1 | 0.0051454 | 13 | 47 | 1 |  
j30_15_3.rcp | 0.1046907 | 123 | 48 | 87 | 0.0514458 | 123 | 48 | 91 |  
j30_15_4.rcp | 0.0087307 | 13 | 48 | 1 | 0.0039835 | 13 | 48 | 1 |  
j30_15_5.rcp | 300.00082 | 286718 | -1 | 295679 | 300.00015 | 515798 | -1 | 556209 |  
j30_15_6.rcp | 0.0163425 | 12 | 67 | 7 | 0.0076041 | 12 | 67 | 7 |  
j30_15_7.rcp | 0.7511043 | 736 | 47 | 480 | 0.33710968 | 736 | 47 | 488 |  
j30_15_8.rcp | 0.0594097 | 57 | 50 | 49 | 0.0330972 | 57 | 50 | 49 |  
j30_15_9.rcp | 0.0207516 | 20 | 54 | 20 | 0.0107984 | 20 | 54 | 20 |  
j30_15_10.rcp | 0.0123199 | 12 | 65 | 9 | 0.005953 | 12 | 65 | 9 |  
j30_16_1.rcp | 0.0100568 | 13 | 51 | 4 | 0.0048354 | 13 | 51 | 4 |  
j30_16_2.rcp | 0.0079644 | 13 | 48 | 2 | 0.0041222 | 13 | 48 | 2 |  
j30_16_3.rcp | 0.0062523 | 12 | 36 | 0 | 0.002985 | 12 | 36 | 0 |  
j30_16_4.rcp | 0.0102681 | 14 | 47 | 0 | 0.0043245 | 14 | 47 | 0 |  
j30_16_5.rcp | 0.0085194 | 13 | 51 | 0 | 0.0037714 | 13 | 51 | 0 |  
j30_16_6.rcp | 0.0076166 | 13 | 51 | 0 | 0.0041405 | 13 | 51 | 0 |  
j30_16_7.rcp | 0.008594 | 14 | 34 | 0 | 0.0039079 | 14 | 34 | 0 |  
j30_16_8.rcp | 0.0067488 | 13 | 44 | 0 | 0.0030558 | 13 | 44 | 0 |  
j30_16_9.rcp | 0.0076949 | 14 | 44 | 0 | 0.0038328 | 14 | 44 | 0 |  
j30_16_10.rcp | 0.0089638 | 12 | 51 | 2 | 0.0043509 | 12 | 51 | 2 |  
j30_17_1.rcp | 300.0001 | 3443781 | -1 | 4818710 | 300.00006 | 6026257 | -1 | 9085513 |  
j30_17_2.rcp | 0.0031237 | 32 | 68 | 9 | 0.0023279 | 32 | 68 | 9 |  
j30_17_3.rcp | 0.0019098 | 14 | 60 | 10 | 0.0012308 | 14 | 60 | 10 |  
j30_17_4.rcp | 0.2084394 | 1931 | 49 | 1642 | 0.124139 | 1931 | 49 | 1688 |  
j30_17_5.rcp | 208.83693 | 2035343 | 47 | 2407540 | 120.11032 | 2035343 | 47 | 2144705 |  
j30_17_6.rcp | 0.0037669 | 18 | 63 | 17 | 0.0019526 | 18 | 63 | 17 |  
j30_17_7.rcp | 300.00003 | 4822002 | -1 | 5341074 | 300.00003 | 8121291 | -1 | 9022762 |  
j30_17_8.rcp | 0.0149428 | 110 | 61 | 58 | 0.0087612 | 110 | 61 | 58 |  
j30_17_9.rcp | 0.004552 | 41 | 48 | 28 | 0.0030743 | 41 | 48 | 23 |  
j30_17_10.rcp | 9.189E-4 | 12 | 66 | 5 | 7.098E-4 | 12 | 66 | 5 |  
j30_18_1.rcp | 0.0026724 | 30 | 53 | 2 | 0.0018894 | 30 | 53 | 2 |  
j30_18_2.rcp | 0.0018165 | 31 | 55 | 4 | 0.0013497 | 31 | 55 | 4 |  
j30_18_3.rcp | 0.0021645 | 22 | 56 | 5 | 0.0015566 | 22 | 56 | 5 |  
j30_18_4.rcp | 0.004357 | 52 | 70 | 14 | 0.0027944 | 52 | 70 | 14 |  
j30_18_5.rcp | 0.0024467 | 20 | 52 | 10 | 0.0017326 | 20 | 52 | 10 |  
j30_18_6.rcp | 0.0136951 | 136 | 62 | 58 | 0.0083668 | 136 | 62 | 58 |  
j30_18_7.rcp | 0.0022741 | 14 | 48 | 14 | 0.0014684 | 14 | 48 | 14 |  
j30_18_8.rcp | 0.0022095 | 22 | 52 | 6 | 0.0015908 | 22 | 52 | 6 |  
j30_18_9.rcp | 0.0032652 | 19 | 47 | 24 | 0.0020329 | 19 | 47 | 24 |  
j30_18_10.rcp | 25.359837 | 248606 | 49 | 230863 | 15.34132 | 248606 | 49 | 252521 |  
j30_19_1.rcp | 0.0041818 | 25 | 40 | 6 | 0.0023738 | 25 | 40 | 6 |  
j30_19_2.rcp | 0.0025079 | 15 | 58 | 6 | 0.0012065 | 15 | 58 | 6 |  
j30_19_3.rcp | 0.0018995 | 15 | 83 | 11 | 0.0010695 | 15 | 83 | 11 |  
j30_19_4.rcp | 0.0012583 | 16 | 39 | 6 | 7.352E-4 | 16 | 39 | 6 |  
j30_19_5.rcp | 0.0022409 | 17 | 48 | 12 | 0.0014916 | 17 | 48 | 12 |  
j30_19_6.rcp | 0.0025388 | 24 | 49 | 13 | 0.0017659 | 24 | 49 | 13 |  
j30_19_7.rcp | 0.0029506 | 25 | 57 | 12 | 0.0018586 | 25 | 57 | 12 |  
j30_19_8.rcp | 0.0020018 | 21 | 55 | 10 | 0.0017696 | 21 | 55 | 10 |  
j30_19_9.rcp | 9.46E-4 | 14 | 38 | 3 | 6.344E-4 | 14 | 38 | 3 |  
j30_19_10.rcp | 0.0016934 | 20 | 47 | 5 | 0.0012534 | 20 | 47 | 5 |  
j30_20_1.rcp | 0.0011691 | 15 | 57 | 3 | 7.573E-4 | 15 | 57 | 3 |  
j30_20_2.rcp | 0.0010425 | 12 | 70 | 4 | 7.808E-4 | 12 | 70 | 4 |  
j30_20_3.rcp | 0.0010108 | 15 | 49 | 3 | 6.68E-4 | 15 | 49 | 3 |  
j30_20_4.rcp | 9.117E-4 | 14 | 43 | 4 | 6.019E-4 | 14 | 43 | 4 |  
j30_20_5.rcp | 0.0011924 | 13 | 61 | 6 | 8.261E-4 | 13 | 61 | 6 |  
j30_20_6.rcp | 7.489E-4 | 12 | 51 | 1 | 5.458E-4 | 12 | 51 | 1 |  
j30_20_7.rcp | 8.818E-4 | 11 | 42 | 2 | 5.733E-4 | 11 | 42 | 2 |  
j30_20_8.rcp | 8.527E-4 | 12 | 51 | 1 | 5.585E-4 | 12 | 51 | 1 |  
j30_20_9.rcp | 8.478E-4 | 15 | 41 | 0 | 6.011E-4 | 15 | 41 | 0 |  
j30_20_10.rcp | 0.0011468 | 15 | 37 | 1 | 7.285E-4 | 15 | 37 | 1 |  
j30_21_1.rcp | 300.0012 | 497993 | -1 | 1239504 | 300.00015 | 1566878 | -1 | 2112836 |  
j30_21_2.rcp | 300.00012 | 565862 | -1 | 1722895 | 300.00073 | 970893 | -1 | 2832458 |  
j30_21_3.rcp | 300.00122 | 389090 | -1 | 965962 | 300.0002 | 695741 | -1 | 1769818 |  
j30_21_4.rcp | 300.00006 | 2378328 | -1 | 738711 | 300.00006 | 3413019 | -1 | 1195924 |  
j30_21_5.rcp | 300.00055 | 580396 | -1 | 1338587 | 300.00024 | 1115170 | -1 | 2672302 |  
j30_21_6.rcp | 300.0004 | 458511 | -1 | 1222885 | 300.00006 | 789282 | -1 | 2059154 |  
j30_21_7.rcp | 300.00037 | 567541 | -1 | 1239542 | 300.00073 | 1095223 | -1 | 2265438 |  
j30_21_8.rcp | 300.00024 | 657592 | -1 | 972047 | 300.00006 | 1161573 | -1 | 1523076 |  
j30_21_9.rcp | 300.00076 | 565541 | -1 | 1390382 | 300.0003 | 896810 | -1 | 2449359 |  
j30_21_10.rcp | 300.00137 | 515830 | -1 | 1255216 | 300.00006 | 810685 | -1 | 2293346 |  
j30_22_1.rcp | 300.0002 | 920876 | -1 | 821144 | 300.00012 | 1826280 | -1 | 1629504 |  
j30_22_2.rcp | 0.005804 | 19 | 45 | 6 | 0.0033659 | 19 | 45 | 6 |  
j30_22_3.rcp | 0.0075402 | 22 | 63 | 10 | 0.0042295 | 22 | 63 | 10 |  
j30_22_4.rcp | 0.0061968 | 16 | 42 | 5 | 0.0034811 | 16 | 42 | 5 |  
j30_22_5.rcp | 0.0137535 | 26 | 52 | 29 | 0.008307 | 26 | 52 | 30 |  
j30_22_6.rcp | 42.483246 | 100821 | 52 | 80408 | 23.78792 | 100821 | 52 | 80413 |  
j30_22_7.rcp | 300.0002 | 543690 | -1 | 739989 | 300.00018 | 1025500 | -1 | 1408461 |  
j30_22_8.rcp | 300.00052 | 677054 | -1 | 1311633 | 300.0001 | 1125107 | -1 | 2154212 |  
j30_22_9.rcp | 0.0132114 | 23 | 76 | 7 | 0.0054926 | 23 | 76 | 7 |  
j30_22_10.rcp | 0.0144902 | 34 | 55 | 34 | 0.0081873 | 34 | 55 | 34 |  
j30_23_1.rcp | 0.006262 | 15 | 63 | 7 | 0.003166 | 15 | 63 | 7 |  
j30_23_2.rcp | 0.0073217 | 14 | 53 | 2 | 0.0027973 | 14 | 53 | 2 |  
j30_23_3.rcp | 0.0069016 | 16 | 46 | 9 | 0.0031775 | 16 | 46 | 9 |  
j30_23_4.rcp | 0.0106636 | 45 | 65 | 12 | 0.0047662 | 45 | 65 | 12 |  
j30_23_5.rcp | 0.0069118 | 24 | 52 | 4 | 0.0040787 | 24 | 52 | 4 |  
j30_23_6.rcp | 0.0065164 | 18 | 48 | 6 | 0.0031594 | 18 | 48 | 6 |  
j30_23_7.rcp | 0.0092876 | 23 | 60 | 16 | 0.0050055 | 23 | 60 | 16 |  
j30_23_8.rcp | 0.0156988 | 45 | 48 | 11 | 0.0080519 | 45 | 48 | 11 |  
j30_23_9.rcp | 0.0097955 | 24 | 63 | 10 | 0.0060085 | 24 | 63 | 10 |  
j30_23_10.rcp | 0.0047095 | 17 | 61 | 6 | 0.00257 | 17 | 61 | 6 |  
j30_24_1.rcp | 0.0040194 | 15 | 53 | 4 | 0.0019212 | 15 | 53 | 4 |  
j30_24_2.rcp | 0.0043496 | 14 | 58 | 4 | 0.002494 | 14 | 58 | 4 |  
j30_24_3.rcp | 0.0043608 | 12 | 69 | 5 | 0.0025349 | 12 | 69 | 5 |  
j30_24_4.rcp | 0.0048445 | 16 | 53 | 6 | 0.002198 | 16 | 53 | 6 |  
j30_24_5.rcp | 0.0040079 | 11 | 51 | 5 | 0.0020306 | 11 | 51 | 5 |  
j30_24_6.rcp | 0.0042722 | 14 | 56 | 2 | 0.0019544 | 14 | 56 | 2 |  
j30_24_7.rcp | 0.0038047 | 13 | 44 | 4 | 0.0018439 | 13 | 44 | 4 |  
j30_24_8.rcp | 0.0032269 | 13 | 38 | 0 | 0.0015408 | 13 | 38 | 0 |  
j30_24_9.rcp | 0.0034097 | 11 | 43 | 1 | 0.0015774 | 11 | 43 | 1 |  
j30_24_10.rcp | 0.0050773 | 13 | 53 | 2 | 0.0021181 | 13 | 53 | 2 |  
j30_25_1.rcp | 300.0012 | 267208 | -1 | 545305 | 300.00034 | 445658 | -1 | 907519 |  
j30_25_2.rcp | 300.00018 | 270917 | -1 | 730071 | 300.00116 | 462631 | -1 | 1157338 |  
j30_25_3.rcp | 300.00113 | 358862 | -1 | 549115 | 300.00024 | 532231 | -1 | 998246 |  
j30_25_4.rcp | 300.00104 | 207704 | -1 | 803250 | 300.00012 | 310244 | -1 | 1275710 |  
j30_25_5.rcp | 300.00003 | 404894 | -1 | 731967 | 300.00134 | 653902 | -1 | 1178792 |  
j30_25_6.rcp | 300.0005 | 324743 | -1 | 930533 | 300.00034 | 484944 | -1 | 1485783 |  
j30_25_7.rcp | 300.0003 | 286500 | -1 | 747553 | 300.00095 | 480546 | -1 | 1198874 |  
j30_25_8.rcp | 300.0005 | 312731 | -1 | 562373 | 300.0007 | 513211 | -1 | 938677 |  
j30_25_9.rcp | 300.0001 | 379485 | -1 | 964175 | 300.0005 | 653630 | -1 | 1522499 |  
j30_25_10.rcp | 300.00058 | 278705 | -1 | 878806 | 300.00027 | 510345 | -1 | 1432931 |  
j30_26_1.rcp | 0.0536449 | 59 | 59 | 85 | 0.0218047 | 59 | 59 | 85 |  
j30_26_2.rcp | 0.6012646 | 1385 | 40 | 560 | 0.27805242 | 1385 | 40 | 560 |  
j30_26_3.rcp | 0.0122201 | 14 | 58 | 13 | 0.005441 | 14 | 58 | 13 |  
j30_26_4.rcp | 0.1808378 | 231 | 62 | 281 | 0.0717596 | 231 | 62 | 281 |  
j30_26_5.rcp | 0.73344743 | 931 | 74 | 1096 | 0.4251498 | 931 | 74 | 1096 |  
j30_26_6.rcp | 300.00034 | 413996 | -1 | 631911 | 300.00067 | 747102 | -1 | 1299352 |  
j30_26_7.rcp | 0.1062013 | 177 | 56 | 81 | 0.044085 | 177 | 56 | 81 |  
j30_26_8.rcp | 0.0191612 | 24 | 66 | 15 | 0.0098709 | 24 | 66 | 15 |  
j30_26_9.rcp | 300.00046 | 430217 | -1 | 653475 | 300.00006 | 788272 | -1 | 1231966 |  
j30_26_10.rcp | 0.0328164 | 40 | 49 | 25 | 0.0122654 | 40 | 49 | 25 |  
j30_27_1.rcp | 0.2952827 | 970 | 43 | 46 | 0.1199336 | 970 | 43 | 46 |  
j30_27_2.rcp | 0.0718775 | 68 | 58 | 84 | 0.031276 | 68 | 58 | 84 |  
j30_27_3.rcp | 0.0081219 | 18 | 60 | 3 | 0.0041153 | 18 | 60 | 3 |  
j30_27_4.rcp | 0.0113548 | 14 | 64 | 14 | 0.0057731 | 14 | 64 | 14 |  
j30_27_5.rcp | 0.0281885 | 36 | 49 | 24 | 0.0133447 | 36 | 49 | 24 |  
j30_27_6.rcp | 0.0068313 | 11 | 59 | 5 | 0.0033529 | 11 | 59 | 5 |  
j30_27_7.rcp | 0.1508854 | 309 | 49 | 135 | 0.0669404 | 309 | 49 | 135 |  
j30_27_8.rcp | 0.0139231 | 18 | 66 | 6 | 0.0058264 | 18 | 66 | 6 |  
j30_27_9.rcp | 0.0086741 | 12 | 55 | 5 | 0.004287 | 12 | 55 | 5 |  
j30_27_10.rcp | 0.007753 | 14 | 62 | 2 | 0.0037035 | 14 | 62 | 2 |  
j30_28_1.rcp | 0.0093723 | 14 | 69 | 4 | 0.0042902 | 14 | 69 | 4 |  
j30_28_2.rcp | 0.006389 | 13 | 57 | 3 | 0.0030825 | 13 | 57 | 3 |  
j30_28_3.rcp | 0.0063598 | 12 | 40 | 2 | 0.0033004 | 12 | 40 | 2 |  
j30_28_4.rcp | 0.0077718 | 16 | 49 | 1 | 0.0034166 | 16 | 49 | 1 |  
j30_28_5.rcp | 0.0061353 | 13 | 73 | 3 | 0.0029936 | 13 | 73 | 3 |  
j30_28_6.rcp | 0.0082409 | 16 | 55 | 7 | 0.0043599 | 16 | 55 | 7 |  
j30_28_7.rcp | 0.0052927 | 12 | 48 | 1 | 0.0023339 | 12 | 48 | 1 |  
j30_28_8.rcp | 0.0067778 | 14 | 53 | 2 | 0.0030586 | 14 | 53 | 2 |  
j30_28_9.rcp | 0.0080715 | 14 | 62 | 6 | 0.0037406 | 14 | 62 | 6 |  
j30_28_10.rcp | 0.0077283 | 14 | 59 | 2 | 0.0039104 | 14 | 59 | 2 |  
j30_29_1.rcp | 300.00177 | 239303 | -1 | 432904 | 300.0049 | 370594 | -1 | 697696 |  
j30_29_2.rcp | 300.0025 | 176171 | -1 | 528688 | 300.0014 | 241063 | -1 | 813629 |  
j30_29_3.rcp | 300.00067 | 357137 | -1 | 460330 | 300.0002 | 560182 | -1 | 644070 |  
j30_29_4.rcp | 300.00012 | 418182 | -1 | 922708 | 300.00024 | 535173 | -1 | 1200337 |  
j30_29_5.rcp | 300.00714 | 226009 | -1 | 493875 | 300.00003 | 346667 | -1 | 761568 |  
j30_29_6.rcp | 300.00064 | 226041 | -1 | 528436 | 300.00012 | 384610 | -1 | 779265 |  
j30_29_7.rcp | 300.00247 | 143170 | -1 | 524687 | 300.0019 | 243501 | -1 | 865642 |  
j30_29_8.rcp | 300.0002 | 201259 | -1 | 618317 | 300.0004 | 340942 | -1 | 1049373 |  
j30_29_9.rcp | 300.00116 | 407864 | -1 | 227344 | 300.00076 | 514438 | -1 | 392772 |  
j30_29_10.rcp | 300.0061 | 132113 | -1 | 554488 | 300.00455 | 202461 | -1 | 997148 |  
j30_30_1.rcp | 293.65298 | 200626 | 47 | 289483 | 190.78937 | 200626 | 47 | 281222 |  
j30_30_2.rcp | 300.0023 | 244435 | -1 | 378747 | 300.00122 | 550542 | -1 | 908121 |  
j30_30_3.rcp | 300.00128 | 275280 | -1 | 341699 | 300.00037 | 535042 | -1 | 704160 |  
j30_30_4.rcp | 300.0006 | 340653 | -1 | 236388 | 286.78473 | 538654 | 53 | 373805 |  
j30_30_5.rcp | 300.00018 | 249121 | -1 | 491985 | 300.0002 | 475542 | -1 | 1005169 |  
j30_30_6.rcp | 300.0003 | 248221 | -1 | 239857 | 300.0012 | 416647 | -1 | 430940 |  
j30_30_7.rcp | 300.00186 | 157120 | -1 | 457599 | 300.00015 | 279658 | -1 | 863669 |  
j30_30_8.rcp | 300.00165 | 265222 | -1 | 586715 | 300.00058 | 478599 | -1 | 1050732 |  
j30_30_9.rcp | 300.00104 | 351665 | -1 | 243793 | 300.00092 | 653142 | -1 | 418948 |  
j30_30_10.rcp | 300.00082 | 286392 | -1 | 279753 | 300.0009 | 452039 | -1 | 478366 |  
j30_31_1.rcp | 0.0134648 | 12 | 43 | 2 | 0.0056872 | 12 | 43 | 2 |  
j30_31_2.rcp | 0.0079941 | 10 | 63 | 1 | 0.0035311 | 10 | 63 | 1 |  
j30_31_3.rcp | 0.0099777 | 15 | 58 | 1 | 0.0043956 | 15 | 58 | 1 |  
j30_31_4.rcp | 12.586963 | 11572 | 50 | 13152 | 4.569125 | 11572 | 50 | 13201 |  
j30_31_5.rcp | 5.4558954 | 5169 | 52 | 2135 | 3.2919688 | 5169 | 52 | 2135 |  
j30_31_6.rcp | 0.0163695 | 16 | 53 | 6 | 0.0053942 | 16 | 53 | 6 |  
j30_31_7.rcp | 0.0222262 | 21 | 61 | 4 | 0.0120625 | 21 | 61 | 4 |  
j30_31_8.rcp | 0.0176029 | 14 | 58 | 10 | 0.0080424 | 14 | 58 | 10 |  
j30_31_9.rcp | 300.0005 | 305552 | -1 | 293866 | 300.0002 | 598957 | -1 | 573755 |  
j30_31_10.rcp | 300.00052 | 237099 | -1 | 225931 | 300.0012 | 408486 | -1 | 405921 |  
j30_32_1.rcp | 0.0192471 | 17 | 61 | 0 | 0.0056301 | 17 | 61 | 0 |  
j30_32_2.rcp | 0.010587 | 14 | 60 | 2 | 0.0043102 | 14 | 60 | 2 |  
j30_32_3.rcp | 0.0118328 | 13 | 57 | 7 | 0.0048381 | 13 | 57 | 7 |  
j30_32_4.rcp | 0.0099589 | 15 | 68 | 5 | 0.0044845 | 15 | 68 | 5 |  
j30_32_5.rcp | 0.0103518 | 12 | 54 | 2 | 0.0046349 | 12 | 54 | 2 |  
j30_32_6.rcp | 0.0101096 | 13 | 44 | 3 | 0.0045535 | 13 | 44 | 3 |  
j30_32_7.rcp | 0.006572 | 15 | 35 | 0 | 0.0034169 | 15 | 35 | 0 |  
j30_32_8.rcp | 0.0096935 | 15 | 54 | 2 | 0.0040729 | 15 | 54 | 2 |  
j30_32_9.rcp | 0.0072402 | 13 | 65 | 0 | 0.0034048 | 13 | 65 | 0 |  
j30_32_10.rcp | 0.0065362 | 11 | 51 | 1 | 0.003174 | 11 | 51 | 1 |  
j30_33_1.rcp | 32.79276 | 478364 | 65 | 347138 | 17.42803 | 478364 | 65 | 347131 |  
j30_33_2.rcp | 0.0066869 | 50 | 60 | 72 | 0.0042711 | 50 | 60 | 72 |  
j30_33_3.rcp | 300.0001 | 2382376 | -1 | 3925746 | 300.00006 | 4151009 | -1 | 6781961 |  
j30_33_4.rcp | 0.0028138 | 17 | 77 | 34 | 0.0020769 | 17 | 77 | 34 |  
j30_33_5.rcp | 300.00012 | 1937405 | -1 | 2511273 | 300.00003 | 3473330 | -1 | 4338783 |  
j30_33_6.rcp | 0.0072998 | 71 | 59 | 72 | 0.0047335 | 71 | 59 | 72 |  
j30_33_7.rcp | 0.0017609 | 14 | 58 | 10 | 9.783E-4 | 14 | 58 | 10 |  
j30_33_8.rcp | 300.00006 | 2844828 | -1 | 1081367 | 300.0001 | 6405465 | -1 | 2663188 |  
j30_33_9.rcp | 50.344337 | 414092 | 65 | 481897 | 32.1514 | 414092 | 65 | 481897 |  
j30_33_10.rcp | 0.0035052 | 41 | 53 | 13 | 0.002249 | 41 | 53 | 13 |  
j30_34_1.rcp | 0.003247 | 27 | 68 | 20 | 0.0020623 | 27 | 68 | 20 |  
j30_34_2.rcp | 0.002251 | 15 | 44 | 8 | 0.0014632 | 15 | 44 | 8 |  
j30_34_3.rcp | 37.942856 | 535375 | 69 | 260895 | 18.454004 | 535375 | 69 | 268890 |  
j30_34_4.rcp | 0.0035457 | 15 | 67 | 9 | 0.0015684 | 15 | 67 | 9 |  
j30_34_5.rcp | 0.0038271 | 29 | 63 | 13 | 0.0025041 | 29 | 63 | 13 |  
j30_34_6.rcp | 0.0025283 | 15 | 52 | 10 | 0.0013688 | 15 | 52 | 10 |  
j30_34_7.rcp | 0.003635 | 29 | 58 | 9 | 0.0022624 | 29 | 58 | 9 |  
j30_34_8.rcp | 0.0053349 | 56 | 58 | 16 | 0.0033227 | 56 | 58 | 16 |  
j30_34_9.rcp | 0.0017339 | 14 | 60 | 12 | 9.499E-4 | 14 | 60 | 12 |  
j30_34_10.rcp | 0.0010267 | 10 | 47 | 4 | 6.846E-4 | 10 | 47 | 4 |  
j30_35_1.rcp | 0.0039323 | 35 | 57 | 24 | 0.0020075 | 35 | 57 | 24 |  
j30_35_2.rcp | 0.0013432 | 13 | 53 | 6 | 8.062E-4 | 13 | 53 | 6 |  
j30_35_3.rcp | 0.0019722 | 18 | 60 | 6 | 0.0011405 | 18 | 60 | 6 |  
j30_35_4.rcp | 0.0020105 | 19 | 50 | 5 | 0.0013465 | 19 | 50 | 5 |  
j30_35_5.rcp | 0.0012773 | 15 | 60 | 4 | 8.613E-4 | 15 | 60 | 4 |  
j30_35_6.rcp | 0.0022584 | 19 | 58 | 10 | 0.0016008 | 19 | 58 | 10 |  
j30_35_7.rcp | 0.0152631 | 170 | 61 | 100 | 0.009039 | 170 | 61 | 100 |  
j30_35_8.rcp | 0.0014641 | 21 | 63 | 12 | 9.988E-4 | 21 | 63 | 12 |  
j30_35_9.rcp | 0.0015564 | 17 | 59 | 9 | 0.0010099 | 17 | 59 | 9 |  
j30_35_10.rcp | 0.0026584 | 26 | 59 | 9 | 0.001628 | 26 | 59 | 9 |  
j30_36_1.rcp | 8.416E-4 | 14 | 66 | 1 | 6.079E-4 | 14 | 66 | 1 |  
j30_36_2.rcp | 7.304E-4 | 13 | 44 | 2 | 4.734E-4 | 13 | 44 | 2 |  
j30_36_3.rcp | 8.933E-4 | 15 | 61 | 4 | 6.185E-4 | 15 | 61 | 4 |  
j30_36_4.rcp | 9.717E-4 | 15 | 59 | 1 | 5.884E-4 | 15 | 59 | 1 |  
j30_36_5.rcp | 0.0011481 | 14 | 64 | 2 | 7.514E-4 | 14 | 64 | 2 |  
j30_36_6.rcp | 9.35E-4 | 15 | 46 | 5 | 5.948E-4 | 15 | 46 | 5 |  
j30_36_7.rcp | 7.581E-4 | 12 | 56 | 1 | 5.002E-4 | 12 | 56 | 1 |  
j30_36_8.rcp | 0.0010101 | 18 | 63 | 1 | 6.786E-4 | 18 | 63 | 1 |  
j30_36_9.rcp | 0.0011481 | 15 | 59 | 1 | 6.69E-4 | 15 | 59 | 1 |  
j30_36_10.rcp | 0.0011571 | 16 | 59 | 5 | 7.285E-4 | 16 | 59 | 5 |  
j30_37_1.rcp | 300.00073 | 694402 | -1 | 793631 | 300.00006 | 1529091 | -1 | 1516814 |  
j30_37_2.rcp | 300.00015 | 328595 | -1 | 1340168 | 300.00058 | 539104 | -1 | 2285075 |  
j30_37_3.rcp | 300.00018 | 780869 | -1 | 1097566 | 300.00052 | 1580186 | -1 | 1867144 |  
j30_37_4.rcp | 300.00012 | 619398 | -1 | 1370429 | 300.00018 | 919540 | -1 | 2457080 |  
j30_37_5.rcp | 300.001 | 841780 | -1 | 1016180 | 300.00052 | 1488822 | -1 | 1940166 |  
j30_37_6.rcp | 300.0008 | 535339 | -1 | 1015633 | 300.00012 | 967688 | -1 | 1929803 |  
j30_37_7.rcp | 300.00012 | 719883 | -1 | 1447728 | 300.0005 | 1258051 | -1 | 2492928 |  
j30_37_8.rcp | 300.00015 | 444425 | -1 | 1188522 | 300.00037 | 735816 | -1 | 2021724 |  
j30_37_9.rcp | 300.00217 | 771230 | -1 | 1347179 | 300.00012 | 1544723 | -1 | 3196208 |  
j30_37_10.rcp | 300.00082 | 475471 | -1 | 975754 | 300.00055 | 910981 | -1 | 1873786 |  
j30_38_1.rcp | 300.00006 | 1227975 | -1 | 640704 | 300.00015 | 2911359 | -1 | 1549909 |  
j30_38_2.rcp | 0.013531 | 50 | 54 | 21 | 0.0071745 | 50 | 54 | 23 |  
j30_38_3.rcp | 0.0109365 | 28 | 59 | 15 | 0.0058827 | 28 | 59 | 15 |  
j30_38_4.rcp | 0.011377 | 39 | 59 | 16 | 0.0062584 | 39 | 59 | 16 |  
j30_38_5.rcp | 15.671204 | 31286 | 71 | 25418 | 9.699388 | 31286 | 71 | 34220 |  
j30_38_6.rcp | 0.0051766 | 14 | 63 | 5 | 0.0024981 | 14 | 63 | 5 |  
j30_38_7.rcp | 273.65573 | 735526 | 65 | 267566 | 125.65061 | 735526 | 65 | 267566 |  
j30_38_8.rcp | 0.0230839 | 46 | 61 | 21 | 0.0105763 | 46 | 61 | 21 |  
j30_38_9.rcp | 0.0353388 | 95 | 63 | 49 | 0.0216622 | 95 | 63 | 49 |  
j30_38_10.rcp | 0.0121447 | 37 | 60 | 10 | 0.0075196 | 37 | 60 | 10 |  
j30_39_1.rcp | 0.0123317 | 36 | 55 | 19 | 0.00588 | 36 | 55 | 19 |  
j30_39_2.rcp | 0.0081113 | 28 | 54 | 15 | 0.0042058 | 28 | 54 | 15 |  
j30_39_3.rcp | 0.0069853 | 15 | 54 | 9 | 0.003802 | 15 | 54 | 9 |  
j30_39_4.rcp | 0.0078144 | 28 | 53 | 9 | 0.0038073 | 28 | 53 | 9 |  
j30_39_5.rcp | 0.003661 | 8 | 55 | 5 | 0.0017716 | 8 | 55 | 5 |  
j30_39_6.rcp | 300.00003 | 909740 | -1 | 394908 | 300.00006 | 2139200 | -1 | 924612 |  
j30_39_7.rcp | 0.012829 | 43 | 56 | 18 | 0.0072835 | 43 | 56 | 18 |  
j30_39_8.rcp | 0.0035272 | 14 | 67 | 4 | 0.0019081 | 14 | 67 | 4 |  
j30_39_9.rcp | 0.0096859 | 26 | 64 | 7 | 0.0057531 | 26 | 64 | 7 |  
j30_39_10.rcp | 0.0107687 | 23 | 60 | 10 | 0.0056047 | 23 | 60 | 10 |  
j30_40_1.rcp | 0.0046802 | 16 | 51 | 4 | 0.0024559 | 16 | 51 | 4 |  
j30_40_2.rcp | 0.0030267 | 15 | 56 | 1 | 0.0016328 | 15 | 56 | 1 |  
j30_40_3.rcp | 0.0032516 | 15 | 57 | 1 | 0.001742 | 15 | 57 | 1 |  
j30_40_4.rcp | 0.003184 | 14 | 57 | 0 | 0.0017492 | 14 | 57 | 0 |  
j30_40_5.rcp | 0.0030625 | 14 | 65 | 3 | 0.0015988 | 14 | 65 | 3 |  
j30_40_6.rcp | 0.0039923 | 11 | 60 | 2 | 0.0020095 | 11 | 60 | 2 |  
j30_40_7.rcp | 0.0032652 | 13 | 46 | 0 | 0.0015433 | 13 | 46 | 0 |  
j30_40_8.rcp | 0.0034978 | 17 | 57 | 2 | 0.0017884 | 17 | 57 | 2 |  
j30_40_9.rcp | 0.0039244 | 15 | 64 | 2 | 0.0018443 | 15 | 64 | 2 |  
j30_40_10.rcp | 0.0035815 | 13 | 51 | 1 | 0.0016987 | 13 | 51 | 1 |  
j30_41_1.rcp | 300.00333 | 346562 | -1 | 682209 | 300.0001 | 521286 | -1 | 1050833 |  
j30_41_2.rcp | 300.00003 | 285367 | -1 | 817644 | 300.00006 | 540235 | -1 | 1433388 |  
j30_41_3.rcp | 300.00098 | 233857 | -1 | 1073183 | 300.0007 | 368602 | -1 | 1716524 |  
j30_41_4.rcp | 300.0066 | 291151 | -1 | 567568 | 300.00018 | 532669 | -1 | 1076120 |  
j30_41_5.rcp | 300.00137 | 373078 | -1 | 731703 | 300.0027 | 570361 | -1 | 1157250 |  
j30_41_6.rcp | 300.00168 | 256345 | -1 | 815089 | 300.00137 | 385932 | -1 | 1326619 |  
j30_41_7.rcp | 300.00378 | 272890 | -1 | 781927 | 300.00012 | 448099 | -1 | 1197710 |  
j30_41_8.rcp | 300.00006 | 267405 | -1 | 821006 | 300.00134 | 482134 | -1 | 1391399 |  
j30_41_9.rcp | 300.00125 | 268287 | -1 | 690113 | 300.00037 | 469197 | -1 | 1195138 |  
j30_41_10.rcp | 300.0015 | 311700 | -1 | 809493 | 300.00058 | 535529 | -1 | 1283080 |  
j30_42_1.rcp | 0.2708646 | 344 | 58 | 253 | 0.1384214 | 344 | 58 | 253 |  
j30_42_2.rcp | 288.14835 | 330639 | 50 | 609579 | 149.76091 | 330639 | 50 | 611365 |  
j30_42_3.rcp | 300.00146 | 349542 | -1 | 462141 | 300.00082 | 701743 | -1 | 983962 |  
j30_42_4.rcp | 300.00125 | 411366 | -1 | 242966 | 300.00067 | 714654 | -1 | 524913 |  
j30_42_5.rcp | 0.005902 | 11 | 52 | 1 | 0.0030027 | 11 | 52 | 1 |  
j30_42_6.rcp | 300.0038 | 337322 | -1 | 434734 | 300.0009 | 721157 | -1 | 1039948 |  
j30_42_7.rcp | 0.0199635 | 18 | 66 | 13 | 0.0071363 | 18 | 66 | 13 |  
j30_42_8.rcp | 300.0007 | 284482 | -1 | 481803 | 300.00003 | 471177 | -1 | 798110 |  
j30_42_9.rcp | 300.00385 | 305360 | -1 | 499210 | 300.00024 | 832860 | -1 | 1380640 |  
j30_42_10.rcp | 0.0168212 | 22 | 75 | 16 | 0.0137171 | 22 | 75 | 16 |  
j30_43_1.rcp | 300.00195 | 384856 | -1 | 453849 | 300.008 | 837204 | -1 | 1072059 |  
j30_43_2.rcp | 0.0154826 | 19 | 43 | 4 | 0.0043601 | 19 | 43 | 4 |  
j30_43_3.rcp | 249.87978 | 429005 | 57 | 102497 | 139.61768 | 429005 | 57 | 104104 |  
j30_43_4.rcp | 0.0122936 | 15 | 67 | 13 | 0.0062035 | 15 | 67 | 13 |  
j30_43_5.rcp | 0.0944347 | 149 | 64 | 138 | 0.0495557 | 149 | 64 | 138 |  
j30_43_6.rcp | 9.654237 | 12670 | 58 | 7032 | 4.760013 | 12670 | 58 | 7032 |  
j30_43_7.rcp | 0.0086317 | 14 | 52 | 8 | 0.0040689 | 14 | 52 | 8 |  
j30_43_8.rcp | 0.73883575 | 1270 | 62 | 286 | 0.3053365 | 1270 | 62 | 345 |  
j30_43_9.rcp | 5.9670224 | 10411 | 57 | 7368 | 2.9502256 | 10411 | 57 | 7368 |  
j30_43_10.rcp | 0.101180494 | 93 | 60 | 114 | 0.0500278 | 93 | 60 | 120 |  
j30_44_1.rcp | 0.0068142 | 13 | 50 | 2 | 0.003449 | 13 | 50 | 2 |  
j30_44_2.rcp | 0.0081461 | 13 | 54 | 3 | 0.0037883 | 13 | 54 | 3 |  
j30_44_3.rcp | 0.0055226 | 17 | 51 | 1 | 0.0034287 | 17 | 51 | 1 |  
j30_44_4.rcp | 0.0072025 | 11 | 57 | 2 | 0.0028336 | 11 | 57 | 2 |  
j30_44_5.rcp | 0.0054326 | 14 | 55 | 1 | 0.0026471 | 14 | 55 | 1 |  
j30_44_6.rcp | 0.0054289 | 14 | 56 | 1 | 0.0024799 | 14 | 56 | 1 |  
j30_44_7.rcp | 0.0067149 | 13 | 42 | 1 | 0.0028863 | 13 | 42 | 1 |  
j30_44_8.rcp | 0.0054953 | 8 | 49 | 3 | 0.0026229 | 8 | 49 | 3 |  
j30_44_9.rcp | 0.0053707 | 15 | 64 | 0 | 0.0026158 | 15 | 64 | 0 |  
j30_44_10.rcp | 0.0063421 | 13 | 63 | 1 | 0.0026745 | 13 | 63 | 1 |  
j30_45_1.rcp | 300.0012 | 185591 | -1 | 622855 | 300.00122 | 279828 | -1 | 985474 |  
j30_45_2.rcp | 300.002 | 329005 | -1 | 419033 | 300.00052 | 503598 | -1 | 588529 |  
j30_45_3.rcp | 300.00464 | 141661 | -1 | 604897 | 300.00046 | 215459 | -1 | 902797 |  
j30_45_4.rcp | 300.00143 | 132278 | -1 | 673312 | 300.00067 | 219857 | -1 | 1101967 |  
j30_45_5.rcp | 300.00232 | 150702 | -1 | 681552 | 300.00256 | 225487 | -1 | 1106067 |  
j30_45_6.rcp | 300.00058 | 138980 | -1 | 637925 | 300.00015 | 227289 | -1 | 1030528 |  
j30_45_7.rcp | 300.00055 | 138256 | -1 | 731039 | 300.00052 | 217507 | -1 | 1208797 |  
j30_45_8.rcp | 300.00507 | 152029 | -1 | 463485 | 300.00015 | 228723 | -1 | 844807 |  
j30_45_9.rcp | 300.00427 | 168056 | -1 | 511885 | 300.0001 | 272372 | -1 | 824005 |  
j30_45_10.rcp | 300.00024 | 160941 | -1 | 593999 | 300.00113 | 260058 | -1 | 996693 |  
j30_46_1.rcp | 300.00046 | 200976 | -1 | 361502 | 300.00034 | 438484 | -1 | 870000 |  
j30_46_2.rcp | 300.0018 | 227215 | -1 | 382704 | 300.00153 | 467766 | -1 | 803246 |  
j30_46_3.rcp | 300.00055 | 172488 | -1 | 428053 | 300.0001 | 377665 | -1 | 927847 |  
j30_46_4.rcp | 300.00098 | 252687 | -1 | 236545 | 300.0002 | 491872 | -1 | 461200 |  
j30_46_5.rcp | 0.1362596 | 131 | 57 | 88 | 0.0809157 | 131 | 57 | 88 |  
j30_46_6.rcp | 300.00113 | 248432 | -1 | 268126 | 300.00116 | 448070 | -1 | 452677 |  
j30_46_7.rcp | 300.00067 | 214813 | -1 | 467312 | 300.00012 | 327863 | -1 | 752552 |  
j30_46_8.rcp | 300.00137 | 227895 | -1 | 568283 | 300.0001 | 486765 | -1 | 1089410 |  
j30_46_9.rcp | 300.00067 | 216668 | -1 | 496281 | 300.00107 | 384704 | -1 | 881897 |  
j30_46_10.rcp | 300.00003 | 280304 | -1 | 311885 | 300.0095 | 201153 | -1 | 256048 |  
j30_47_1.rcp | 0.060634 | 14 | 58 | 6 | 0.0180373 | 14 | 58 | 6 |  
j30_47_2.rcp | 0.0510329 | 17 | 59 | 4 | 0.024695 | 17 | 59 | 4 |  
j30_47_3.rcp | 0.0954506 | 38 | 55 | 8 | 0.0634812 | 38 | 55 | 8 |  
j30_47_4.rcp | 0.0555288 | 22 | 49 | 9 | 0.0180891 | 22 | 49 | 9 |  
j30_47_5.rcp | 23.105192 | 11169 | 47 | 2794 | 13.813635 | 11169 | 47 | 3161 |  
j30_47_6.rcp | 68.31155 | 23797 | 53 | 10961 | 39.04733 | 23797 | 53 | 10962 |  
j30_47_7.rcp | 300.0005 | 308629 | -1 | 67047 | 212.5549 | 383995 | 66 | 83371 |  
j30_47_8.rcp | 0.0100553 | 12 | 48 | 1 | 0.0047161 | 12 | 48 | 1 |  
j30_47_9.rcp | 0.0206493 | 13 | 65 | 9 | 0.0061673 | 13 | 65 | 9 |  
j30_47_10.rcp | 300.0005 | 153357 | -1 | 226118 | 300.00125 | 640692 | -1 | 949391 |  
j30_48_1.rcp | 0.0166057 | 14 | 63 | 0 | 0.0050837 | 14 | 63 | 0 |  
j30_48_2.rcp | 0.0092983 | 15 | 54 | 0 | 0.0035215 | 15 | 54 | 0 |  
j30_48_3.rcp | 0.0081011 | 15 | 50 | 2 | 0.0036043 | 15 | 50 | 2 |  
j30_48_4.rcp | 0.0114794 | 16 | 57 | 2 | 0.0046295 | 16 | 57 | 2 |  
j30_48_5.rcp | 0.0119332 | 15 | 58 | 0 | 0.0048369 | 15 | 58 | 0 |  
j30_48_6.rcp | 0.0078711 | 14 | 58 | 1 | 0.00345 | 14 | 58 | 1 |  
j30_48_7.rcp | 0.0131787 | 14 | 55 | 1 | 0.0062077 | 14 | 55 | 1 |  
j30_48_8.rcp | 0.0101089 | 13 | 44 | 1 | 0.0042137 | 13 | 44 | 1 |  
j30_48_9.rcp | 0.0089014 | 13 | 59 | 0 | 0.0039914 | 13 | 59 | 0 |  
j30_48_10.rcp | 0.0091081 | 13 | 54 | 1 | 0.0038078 | 13 | 54 | 1 |  
AVERAGE |6.601708 | 22511.408 | 20615.936 | 3.6577399 | 22511.408 | 19701.088 |  
TIME RATIO  = 180.486 backtracks= 0.02020-06-23
 18:09:19.224628300
Data/J30/ 
  BRANCHEMENT STATIQUE 
Inst |old_time |old_backt |makespan |old_prop |new_time |new_backt |makespan |new_prop|  
j30_11_5.rcp | 27.304115 | 33858 | 49 | 64743 | 16.252766 | 33858 | 49 | 66115 |  
j30_11_6.rcp | 1.9859747 | 4489 | 44 | 1504 | 0.8845513 | 4489 | 44 | 1504 |  
j30_11_7.rcp | 0.0134304 | 28 | 36 | 2 | 0.0075725 | 28 | 36 | 2 |  
j30_11_8.rcp | 0.0328112 | 32 | 62 | 42 | 0.0154598 | 32 | 62 | 42 |  
j30_11_9.rcp | 0.0120828 | 17 | 67 | 10 | 0.0062487 | 17 | 67 | 10 |  
j30_11_10.rcp | 0.010112 | 14 | 38 | 11 | 0.0059156 | 14 | 38 | 11 |  
AVERAGE |4.893088 | 6406.3335 | 11052.0 | 2.8620853 | 6406.3335 | 11280.667 |  
TIME RATIO  = 170.96234 backtracks= 0.02020-06-23
 18:10:39.013193
Data/J30/ 
  BRANCHEMENT DYNAMIQUE  
 Inst |old_time |old_backt |makespan |old_prop |new_time |new_backt |makespan |new_prop|  
j30_1_1.rcp | 0.0686486 | 104 | 43 | 75 | 0.0464767 | 104 | 43 | 81 |  
j30_1_2.rcp | 0.0264695 | 47 | 47 | 50 | 0.0115835 | 47 | 47 | 50 |  
j30_1_3.rcp | 0.0088042 | 31 | 47 | 15 | 0.0112032 | 31 | 47 | 15 |  
j30_1_4.rcp | 0.0440825 | 120 | 62 | 173 | 0.0559412 | 120 | 62 | 173 |  
j30_1_5.rcp | 0.1773787 | 453 | 39 | 665 | 0.1885353 | 338 | 39 | 455 |  
j30_1_6.rcp | 0.0173984 | 68 | 48 | 55 | 0.0239956 | 68 | 48 | 55 |  
j30_1_7.rcp | 0.0056315 | 19 | 60 | 12 | 0.0062092 | 19 | 60 | 12 |  
j30_1_8.rcp | 0.0065619 | 20 | 53 | 15 | 0.0079119 | 20 | 53 | 15 |  
j30_1_9.rcp | 0.077640496 | 191 | 49 | 254 | 0.07543609 | 191 | 49 | 254 |  
j30_1_10.rcp | 0.0363252 | 104 | 45 | 130 | 0.0310597 | 104 | 45 | 130 |  
j30_2_1.rcp | 0.0105383 | 28 | 38 | 14 | 0.0072385 | 28 | 38 | 14 |  
j30_2_2.rcp | 0.014051 | 57 | 51 | 12 | 0.0082742 | 57 | 51 | 12 |  
j30_2_3.rcp | 0.0067712 | 37 | 43 | 7 | 0.0054989 | 37 | 43 | 7 |  
j30_2_4.rcp | 0.0035772 | 22 | 43 | 8 | 0.0031274 | 22 | 43 | 8 |  
j30_2_5.rcp | 0.0028443 | 16 | 51 | 6 | 0.002132 | 16 | 51 | 6 |  
j30_2_6.rcp | 0.003989 | 22 | 47 | 11 | 0.002956 | 22 | 47 | 11 |  
j30_2_7.rcp | 0.0029346 | 23 | 47 | 8 | 0.0023677 | 23 | 47 | 8 |  
j30_2_8.rcp | 0.0193998 | 63 | 54 | 45 | 0.0080651 | 63 | 54 | 45 |  
j30_2_9.rcp | 0.0048501 | 20 | 54 | 13 | 0.0034483 | 20 | 54 | 13 |  
j30_2_10.rcp | 0.0069379 | 41 | 43 | 22 | 0.0055145 | 41 | 43 | 22 |  
j30_3_1.rcp | 0.003751 | 20 | 72 | 6 | 0.00208 | 20 | 72 | 6 |  
j30_3_2.rcp | 0.0055525 | 45 | 40 | 11 | 0.0048413 | 45 | 40 | 11 |  
j30_3_3.rcp | 0.002608 | 21 | 57 | 8 | 0.0020786 | 21 | 57 | 8 |  
j30_3_4.rcp | 0.0047157 | 17 | 98 | 7 | 0.0031493 | 17 | 98 | 7 |  
j30_3_5.rcp | 0.0177723 | 78 | 53 | 27 | 0.0079069 | 78 | 53 | 27 |  
j30_3_6.rcp | 0.0028517 | 26 | 54 | 4 | 0.0024469 | 26 | 54 | 4 |  
j30_3_7.rcp | 0.0025261 | 23 | 48 | 6 | 0.0020723 | 23 | 48 | 6 |  
j30_3_8.rcp | 0.0027054 | 19 | 54 | 5 | 0.0018208 | 19 | 54 | 5 |  
j30_3_9.rcp | 0.0029298 | 27 | 65 | 10 | 0.0024937 | 27 | 65 | 10 |  
j30_3_10.rcp | 0.003449 | 22 | 59 | 8 | 0.0023325 | 22 | 59 | 8 |  
j30_4_1.rcp | 0.0019296 | 21 | 49 | 1 | 0.0015258 | 21 | 49 | 1 |  
j30_4_2.rcp | 0.0084407 | 20 | 60 | 6 | 0.0021019 | 20 | 60 | 6 |  
j30_4_3.rcp | 0.0029322 | 19 | 47 | 4 | 0.0019478 | 19 | 47 | 4 |  
j30_4_4.rcp | 0.0017494 | 18 | 57 | 2 | 0.0011213 | 18 | 57 | 2 |  
j30_4_5.rcp | 0.0026752 | 23 | 59 | 6 | 0.0016239 | 23 | 59 | 6 |  
j30_4_6.rcp | 0.0017686 | 20 | 45 | 2 | 0.0016599 | 20 | 45 | 2 |  
j30_4_7.rcp | 0.0015977 | 17 | 56 | 1 | 0.0010651 | 17 | 56 | 1 |  
j30_4_8.rcp | 0.0014896 | 19 | 55 | 0 | 0.0013952 | 19 | 55 | 0 |  
j30_4_9.rcp | 0.0026039 | 19 | 38 | 4 | 0.0013752 | 19 | 38 | 4 |  
j30_4_10.rcp | 0.0020022 | 18 | 48 | 5 | 0.0016468 | 18 | 48 | 5 |  
j30_5_1.rcp | 3.5316734 | 5162 | 53 | 8132 | 2.0797875 | 5082 | 53 | 8199 |  
j30_5_2.rcp | 300.0001 | 775051 | -1 | 1015179 | 184.79713 | 847369 | 82 | 1211911 |  
j30_5_3.rcp | 19.858463 | 24816 | 76 | 72509 | 17.281641 | 39071 | 76 | 117199 |  
j30_5_4.rcp | 300.00122 | 682939 | -1 | 1308172 | 300.00012 | 1367058 | -1 | 3192610 |  
j30_5_5.rcp | 57.547714 | 91447 | 76 | 186120 | 32.85151 | 102670 | 76 | 211992 |  
j30_5_6.rcp | 6.851864 | 12326 | 64 | 23338 | 4.7349167 | 12608 | 64 | 29092 |  
j30_5_7.rcp | 300.0001 | 709752 | -1 | 635977 | 300.00015 | 1154998 | -1 | 1147157 |  
j30_5_8.rcp | 300.00012 | 340340 | -1 | 1054785 | 168.11264 | 339758 | 67 | 1069121 |  
j30_5_9.rcp | 0.1377511 | 196 | 49 | 346 | 0.07965311 | 196 | 49 | 346 |  
j30_5_10.rcp | 0.6971979 | 962 | 70 | 1733 | 0.4321711 | 972 | 70 | 1901 |  
j30_6_1.rcp | 28.438536 | 37969 | 59 | 80765 | 16.118898 | 39123 | 59 | 81736 |  
j30_6_2.rcp | 0.5111012 | 1074 | 51 | 1330 | 0.31364122 | 1074 | 51 | 1323 |  
j30_6_3.rcp | 0.0678282 | 135 | 48 | 118 | 0.034146 | 135 | 48 | 117 |  
j30_6_4.rcp | 1.0020533 | 3174 | 42 | 2749 | 0.5498914 | 3188 | 42 | 2768 |  
j30_6_5.rcp | 0.2309465 | 455 | 67 | 531 | 0.14275101 | 455 | 67 | 531 |  
j30_6_6.rcp | 0.0235666 | 63 | 37 | 46 | 0.0129774 | 63 | 37 | 46 |  
j30_6_7.rcp | 0.0095909 | 23 | 46 | 24 | 0.0054368 | 23 | 46 | 24 |  
j30_6_8.rcp | 0.0302952 | 91 | 39 | 38 | 0.0159609 | 91 | 39 | 38 |  
j30_6_9.rcp | 0.0169523 | 47 | 51 | 32 | 0.0091876 | 47 | 51 | 32 |  
j30_6_10.rcp | 59.060543 | 134859 | 61 | 248666 | 31.242825 | 121706 | 61 | 272767 |  
j30_7_1.rcp | 0.0059352 | 16 | 55 | 7 | 0.0030355 | 16 | 55 | 7 |  
j30_7_2.rcp | 0.0083811 | 22 | 42 | 7 | 0.0033694 | 22 | 42 | 7 |  
j30_7_3.rcp | 0.0171821 | 46 | 42 | 27 | 0.0088383 | 46 | 42 | 27 |  
j30_7_4.rcp | 0.0059153 | 21 | 44 | 5 | 0.0029387 | 21 | 44 | 5 |  
j30_7_5.rcp | 0.0262988 | 63 | 44 | 24 | 0.0100232 | 63 | 44 | 24 |  
j30_7_6.rcp | 0.0054713 | 28 | 35 | 6 | 0.0030383 | 28 | 35 | 6 |  
j30_7_7.rcp | 0.0065451 | 15 | 50 | 14 | 0.0033594 | 15 | 50 | 14 |  
j30_7_8.rcp | 0.0153521 | 44 | 44 | 19 | 0.009467 | 44 | 44 | 19 |  
j30_7_9.rcp | 0.0152514 | 46 | 60 | 18 | 0.0072285 | 46 | 60 | 18 |  
j30_7_10.rcp | 0.0266166 | 93 | 49 | 29 | 0.0137961 | 93 | 49 | 29 |  
j30_8_1.rcp | 0.0027348 | 16 | 44 | 1 | 0.0016556 | 16 | 44 | 1 |  
j30_8_2.rcp | 0.0086504 | 20 | 51 | 1 | 0.0027059 | 20 | 51 | 1 |  
j30_8_3.rcp | 0.0043104 | 22 | 53 | 0 | 0.0020149 | 22 | 53 | 0 |  
j30_8_4.rcp | 0.0042494 | 20 | 48 | 2 | 0.0022636 | 20 | 48 | 2 |  
j30_8_5.rcp | 0.0044096 | 21 | 58 | 0 | 0.0022275 | 21 | 58 | 0 |  
j30_8_6.rcp | 0.0048429 | 26 | 47 | 3 | 0.0027461 | 26 | 47 | 3 |  
j30_8_7.rcp | 0.0038765 | 19 | 41 | 0 | 0.0020056 | 19 | 41 | 0 |  
j30_8_8.rcp | 0.0044484 | 17 | 51 | 6 | 0.0027762 | 17 | 51 | 6 |  
j30_8_9.rcp | 0.0042563 | 22 | 39 | 3 | 0.0021839 | 22 | 39 | 3 |  
j30_8_10.rcp | 0.004778 | 20 | 67 | 0 | 0.0030829 | 20 | 67 | 0 |  
j30_9_1.rcp | 300.0059 | 221395 | -1 | 533051 | 300.00046 | 374631 | -1 | 893503 |  
j30_9_2.rcp | 300.0026 | 194672 | -1 | 670748 | 300.0002 | 334942 | -1 | 1160372 |  
j30_9_3.rcp | 300.0005 | 211477 | -1 | 602972 | 300.00024 | 484690 | -1 | 1324394 |  
j30_9_4.rcp | 300.0002 | 303028 | -1 | 456568 | 300.00046 | 620973 | -1 | 1159872 |  
j30_9_5.rcp | 300.00098 | 189593 | -1 | 504473 | 300.00037 | 337921 | -1 | 944536 |  
j30_9_6.rcp | 300.0039 | 239964 | -1 | 388804 | 300.0003 | 520711 | -1 | 962448 |  
j30_9_7.rcp | 300.00018 | 185044 | -1 | 712671 | 300.00037 | 547080 | -1 | 1871479 |  
j30_9_8.rcp | 300.00012 | 347777 | -1 | 327703 | 300.00204 | 868240 | -1 | 710150 |  
j30_9_9.rcp | 300.0004 | 167167 | -1 | 804668 | 300.00055 | 290105 | -1 | 1472129 |  
j30_9_10.rcp | 300.0002 | 219465 | -1 | 586002 | 300.00024 | 931429 | -1 | 1505068 |  
j30_10_1.rcp | 0.0570042 | 84 | 42 | 40 | 0.0250701 | 84 | 42 | 40 |  
j30_10_2.rcp | 17.250198 | 18358 | 56 | 19214 | 9.535924 | 18358 | 56 | 19307 |  
j30_10_3.rcp | 300.0004 | 228842 | -1 | 535095 | 280.04843 | 728952 | 62 | 986895 |  
j30_10_4.rcp | 4.9769516 | 6597 | 58 | 5229 | 3.791959 | 7947 | 58 | 9948 |  
j30_10_5.rcp | 4.714622 | 6075 | 41 | 10716 | 2.2098093 | 5759 | 41 | 9922 |  
j30_10_6.rcp | 2.1952693 | 3438 | 44 | 3052 | 1.3611394 | 3754 | 44 | 3831 |  
j30_10_7.rcp | 0.039652 | 47 | 49 | 34 | 0.0192399 | 47 | 49 | 34 |  
j30_10_8.rcp | 0.7043011 | 877 | 54 | 651 | 0.4151768 | 877 | 54 | 643 |  
j30_10_9.rcp | 0.0192318 | 21 | 49 | 19 | 0.0077045 | 21 | 49 | 19 |  
j30_10_10.rcp | 0.5669013 | 1003 | 41 | 500 | 0.3121437 | 991 | 41 | 518 |  
j30_11_1.rcp | 0.4236146 | 354 | 54 | 475 | 0.22833341 | 354 | 54 | 476 |  
j30_11_2.rcp | 0.0354868 | 40 | 56 | 20 | 0.0185958 | 40 | 56 | 20 |  
j30_11_3.rcp | 0.012266 | 18 | 81 | 12 | 0.0065776 | 18 | 81 | 12 |  
j30_11_4.rcp | 0.0462283 | 71 | 63 | 35 | 0.0222354 | 71 | 63 | 35 |  
j30_11_5.rcp | 0.8429174 | 1508 | 49 | 989 | 0.5347243 | 1508 | 49 | 1099 |  
j30_11_6.rcp | 0.0066684 | 15 | 44 | 4 | 0.0036207 | 15 | 44 | 4 |  
j30_11_7.rcp | 0.29667458 | 515 | 36 | 275 | 0.1611305 | 515 | 36 | 306 |  
j30_11_8.rcp | 0.0130659 | 23 | 62 | 8 | 0.007036 | 23 | 62 | 8 |  
j30_11_9.rcp | 0.011612 | 19 | 67 | 9 | 0.0062997 | 19 | 67 | 9 |  
j30_11_10.rcp | 0.0453272 | 85 | 38 | 31 | 0.0240207 | 85 | 38 | 31 |  
j30_12_1.rcp | 0.0084279 | 16 | 47 | 8 | 0.0043905 | 16 | 47 | 8 |  
j30_12_2.rcp | 0.0079182 | 21 | 46 | 2 | 0.0043162 | 21 | 46 | 2 |  
j30_12_3.rcp | 0.0075218 | 20 | 37 | 1 | 0.0040126 | 20 | 37 | 1 |  
j30_12_4.rcp | 0.0068806 | 16 | 63 | 0 | 0.0035163 | 16 | 63 | 0 |  
j30_12_5.rcp | 0.007456 | 21 | 47 | 1 | 0.0039982 | 21 | 47 | 1 |  
j30_12_6.rcp | 0.0080287 | 19 | 53 | 4 | 0.0047177 | 19 | 53 | 4 |  
j30_12_7.rcp | 0.0072202 | 19 | 55 | 3 | 0.0040288 | 19 | 55 | 3 |  
j30_12_8.rcp | 0.006264 | 22 | 35 | 0 | 0.0061267 | 22 | 35 | 0 |  
j30_12_9.rcp | 0.0093715 | 20 | 52 | 1 | 0.0044283 | 20 | 52 | 1 |  
j30_12_10.rcp | 0.0074499 | 20 | 57 | 0 | 0.0056637 | 20 | 57 | 0 |  
j30_13_1.rcp | 300.00128 | 246908 | -1 | 347709 | 300.0002 | 298742 | -1 | 695942 |  
j30_13_2.rcp | 300.00082 | 196642 | -1 | 368822 | 300.00006 | 527228 | -1 | 710803 |  
j30_13_3.rcp | 300.00607 | 173933 | -1 | 305672 | 300.00305 | 260998 | -1 | 1127839 |  
j30_13_4.rcp | 300.00015 | 165154 | -1 | 255050 | 300.00058 | 399134 | -1 | 616701 |  
j30_13_5.rcp | 300.00253 | 153308 | -1 | 622432 | 300.00058 | 245827 | -1 | 1021986 |  
j30_13_6.rcp | 300.00037 | 200917 | -1 | 355514 | 300.00015 | 286363 | -1 | 715020 |  
j30_13_7.rcp | 300.0008 | 240459 | -1 | 426528 | 300.00012 | 659979 | -1 | 1048136 |  
j30_13_8.rcp | 300.00278 | 124337 | -1 | 309930 | 300.00037 | 307101 | -1 | 998656 |  
j30_13_9.rcp | 300.00162 | 186051 | -1 | 408873 | 300.00006 | 268525 | -1 | 814052 |  
j30_13_10.rcp | 300.0047 | 112323 | -1 | 540980 | 300.0007 | 237182 | -1 | 661954 |  
j30_14_1.rcp | 300.00064 | 269210 | -1 | 213920 | 124.43748 | 182433 | 50 | 164400 |  
j30_14_2.rcp | 300.0033 | 155864 | -1 | 386752 | 300.0003 | 297422 | -1 | 837552 |  
j30_14_3.rcp | 300.0004 | 234518 | -1 | 337875 | 300.00006 | 542782 | -1 | 748042 |  
j30_14_4.rcp | 300.0001 | 241640 | -1 | 340025 | 300.00024 | 415509 | -1 | 685085 |  
j30_14_5.rcp | 4.445859 | 4038 | 52 | 3534 | 2.7460194 | 4038 | 52 | 3898 |  
j30_14_6.rcp | 12.340609 | 12776 | 35 | 13608 | 6.6638355 | 12337 | 35 | 13776 |  
j30_14_7.rcp | 300.0002 | 300939 | -1 | 320872 | 300.00024 | 867144 | -1 | 653379 |  
j30_14_8.rcp | 0.019198 | 24 | 54 | 8 | 0.0092079 | 24 | 54 | 8 |  
j30_14_9.rcp | 270.4048 | 210765 | 46 | 345474 | 150.39496 | 216507 | 46 | 400957 |  
j30_14_10.rcp | 0.0940438 | 103 | 61 | 37 | 0.0512946 | 103 | 61 | 37 |  
j30_15_1.rcp | 0.0198542 | 21 | 46 | 10 | 0.0114297 | 21 | 46 | 10 |  
j30_15_2.rcp | 0.0163019 | 20 | 47 | 9 | 0.0082727 | 20 | 47 | 9 |  
j30_15_3.rcp | 0.0234822 | 23 | 48 | 17 | 0.012516 | 23 | 48 | 17 |  
j30_15_4.rcp | 0.0126185 | 18 | 48 | 6 | 0.006178 | 18 | 48 | 6 |  
j30_15_5.rcp | 300.00046 | 291927 | -1 | 435454 | 300.0001 | 763287 | -1 | 1173996 |  
j30_15_6.rcp | 0.0229269 | 19 | 67 | 18 | 0.010595 | 19 | 67 | 18 |  
j30_15_7.rcp | 0.0170663 | 17 | 47 | 6 | 0.0092449 | 17 | 47 | 6 |  
j30_15_8.rcp | 0.062566 | 49 | 50 | 49 | 0.0280896 | 49 | 50 | 49 |  
j30_15_9.rcp | 0.0746219 | 64 | 54 | 69 | 0.034631 | 64 | 54 | 69 |  
j30_15_10.rcp | 0.0246131 | 25 | 65 | 22 | 0.0125564 | 25 | 65 | 22 |  
j30_16_1.rcp | 0.0134865 | 16 | 51 | 3 | 0.006661 | 16 | 51 | 3 |  
j30_16_2.rcp | 0.017017 | 21 | 48 | 3 | 0.0065297 | 21 | 48 | 3 |  
j30_16_3.rcp | 0.0099252 | 20 | 36 | 0 | 0.0048976 | 20 | 36 | 0 |  
j30_16_4.rcp | 0.0125282 | 21 | 47 | 0 | 0.0061435 | 21 | 47 | 0 |  
j30_16_5.rcp | 0.0114101 | 19 | 51 | 0 | 0.0053712 | 19 | 51 | 0 |  
j30_16_6.rcp | 0.01172 | 21 | 51 | 0 | 0.0064159 | 21 | 51 | 0 |  
j30_16_7.rcp | 0.0129761 | 19 | 34 | 0 | 0.0069446 | 19 | 34 | 0 |  
j30_16_8.rcp | 0.0093244 | 21 | 44 | 0 | 0.005827 | 21 | 44 | 0 |  
j30_16_9.rcp | 0.0102324 | 19 | 44 | 0 | 0.0053514 | 19 | 44 | 0 |  
j30_16_10.rcp | 0.0110018 | 21 | 51 | 2 | 0.0059274 | 21 | 51 | 2 |  
j30_17_1.rcp | 33.304554 | 482584 | 64 | 379618 | 23.372156 | 581717 | 64 | 460957 |  
j30_17_2.rcp | 0.003812 | 54 | 68 | 19 | 0.0027305 | 54 | 68 | 19 |  
j30_17_3.rcp | 0.0019851 | 22 | 60 | 8 | 0.0012279 | 22 | 60 | 8 |  
j30_17_4.rcp | 0.016979 | 100 | 49 | 70 | 0.0133131 | 100 | 49 | 71 |  
j30_17_5.rcp | 0.0279463 | 145 | 47 | 194 | 0.0172452 | 145 | 47 | 191 |  
j30_17_6.rcp | 0.002645 | 22 | 63 | 18 | 0.0016257 | 22 | 63 | 18 |  
j30_17_7.rcp | 0.0218496 | 173 | 57 | 134 | 0.0119797 | 173 | 57 | 136 |  
j30_17_8.rcp | 0.0157823 | 98 | 61 | 54 | 0.0090361 | 98 | 61 | 54 |  
j30_17_9.rcp | 0.0096411 | 83 | 48 | 57 | 0.0061193 | 83 | 48 | 57 |  
j30_17_10.rcp | 9.65E-4 | 13 | 66 | 6 | 7.116E-4 | 13 | 66 | 6 |  
j30_18_1.rcp | 0.0029744 | 24 | 53 | 6 | 0.0012285 | 24 | 53 | 6 |  
j30_18_2.rcp | 0.0020206 | 23 | 55 | 5 | 0.0013119 | 23 | 55 | 5 |  
j30_18_3.rcp | 0.0056349 | 46 | 56 | 11 | 0.0026476 | 46 | 56 | 11 |  
j30_18_4.rcp | 0.0056297 | 65 | 70 | 20 | 0.0035106 | 65 | 70 | 20 |  
j30_18_5.rcp | 0.0042647 | 53 | 52 | 17 | 0.0030365 | 53 | 52 | 17 |  
j30_18_6.rcp | 0.0029721 | 22 | 62 | 12 | 0.0016556 | 22 | 62 | 12 |  
j30_18_7.rcp | 0.0040696 | 50 | 48 | 20 | 0.002768 | 50 | 48 | 20 |  
j30_18_8.rcp | 0.0018932 | 21 | 52 | 7 | 0.0010806 | 21 | 52 | 7 |  
j30_18_9.rcp | 0.0051273 | 52 | 47 | 38 | 0.0035334 | 52 | 47 | 38 |  
j30_18_10.rcp | 0.0052074 | 53 | 49 | 24 | 0.0045161 | 53 | 49 | 24 |  
j30_19_1.rcp | 0.0018661 | 22 | 40 | 6 | 0.0011726 | 22 | 40 | 6 |  
j30_19_2.rcp | 0.0019017 | 23 | 58 | 6 | 0.0012586 | 23 | 58 | 6 |  
j30_19_3.rcp | 0.0022481 | 26 | 83 | 9 | 0.0014429 | 26 | 83 | 9 |  
j30_19_4.rcp | 0.0046242 | 49 | 39 | 18 | 0.0023207 | 49 | 39 | 18 |  
j30_19_5.rcp | 0.0026191 | 25 | 48 | 13 | 0.0017954 | 25 | 48 | 13 |  
j30_19_6.rcp | 0.0034115 | 48 | 49 | 18 | 0.0022352 | 48 | 49 | 18 |  
j30_19_7.rcp | 0.006444 | 75 | 57 | 27 | 0.0040069 | 75 | 57 | 27 |  
j30_19_8.rcp | 0.0018988 | 23 | 55 | 4 | 0.0010757 | 23 | 55 | 4 |  
j30_19_9.rcp | 9.034E-4 | 16 | 38 | 3 | 6.058E-4 | 16 | 38 | 3 |  
j30_19_10.rcp | 0.0015902 | 26 | 47 | 2 | 0.0012428 | 26 | 47 | 2 |  
j30_20_1.rcp | 0.0014221 | 23 | 57 | 3 | 9.314E-4 | 23 | 57 | 3 |  
j30_20_2.rcp | 0.0011417 | 20 | 70 | 7 | 9.245E-4 | 20 | 70 | 7 |  
j30_20_3.rcp | 0.001159 | 21 | 49 | 1 | 6.844E-4 | 21 | 49 | 1 |  
j30_20_4.rcp | 0.0011549 | 24 | 43 | 3 | 8.426E-4 | 24 | 43 | 3 |  
j30_20_5.rcp | 0.0015205 | 23 | 61 | 4 | 0.0011465 | 23 | 61 | 4 |  
j30_20_6.rcp | 7.568E-4 | 16 | 51 | 1 | 5.703E-4 | 16 | 51 | 1 |  
j30_20_7.rcp | 0.001033 | 20 | 42 | 1 | 7.045E-4 | 20 | 42 | 1 |  
j30_20_8.rcp | 8.107E-4 | 19 | 51 | 0 | 6.472E-4 | 19 | 51 | 0 |  
j30_20_9.rcp | 0.0012819 | 24 | 41 | 1 | 8.701E-4 | 24 | 41 | 1 |  
j30_20_10.rcp | 0.0014512 | 22 | 37 | 0 | 8.691E-4 | 22 | 37 | 0 |  
j30_21_1.rcp | 41.553295 | 46220 | 84 | 141776 | 19.076616 | 41131 | 84 | 115398 |  
j30_21_2.rcp | 145.47063 | 238494 | 59 | 447862 | 66.11156 | 227050 | 59 | 444002 |  
j30_21_3.rcp | 300.00012 | 412171 | -1 | 703564 | 198.61284 | 573322 | 76 | 948126 |  
j30_21_4.rcp | 247.6629 | 466323 | 70 | 1105432 | 112.59788 | 324047 | 70 | 985607 |  
j30_21_5.rcp | 5.442436 | 5460 | 55 | 19135 | 2.818691 | 6140 | 55 | 22166 |  
j30_21_6.rcp | 52.2672 | 70003 | 76 | 181979 | 37.487022 | 86513 | 76 | 227009 |  
j30_21_7.rcp | 26.728487 | 49009 | 65 | 70629 | 12.672133 | 45932 | 65 | 69361 |  
j30_21_8.rcp | 300.0009 | 560825 | -1 | 779968 | 300.00006 | 1682561 | -1 | 2371490 |  
j30_21_9.rcp | 225.88461 | 384720 | 69 | 558571 | 109.724434 | 395165 | 69 | 563920 |  
j30_21_10.rcp | 300.00018 | 481515 | -1 | 1028191 | 15.771434 | 66478 | 69 | 100788 |  
j30_22_1.rcp | 0.0310455 | 82 | 42 | 28 | 0.0154808 | 82 | 42 | 28 |  
j30_22_2.rcp | 0.0225492 | 87 | 45 | 32 | 0.0123875 | 87 | 45 | 32 |  
j30_22_3.rcp | 0.0067538 | 26 | 63 | 7 | 0.0038405 | 26 | 63 | 7 |  
j30_22_4.rcp | 0.0204923 | 81 | 42 | 23 | 0.0122979 | 81 | 42 | 23 |  
j30_22_5.rcp | 0.0573268 | 148 | 52 | 98 | 0.0319005 | 148 | 52 | 98 |  
j30_22_6.rcp | 0.0241847 | 71 | 52 | 17 | 0.0141429 | 71 | 52 | 17 |  
j30_22_7.rcp | 10.15057 | 16240 | 60 | 34581 | 5.0780473 | 15151 | 60 | 32003 |  
j30_22_8.rcp | 7.8201876 | 15703 | 55 | 31685 | 4.618688 | 14881 | 55 | 33156 |  
j30_22_9.rcp | 0.0116068 | 34 | 76 | 5 | 0.0057429 | 34 | 76 | 5 |  
j30_22_10.rcp | 0.0294973 | 76 | 55 | 46 | 0.0140858 | 76 | 55 | 46 |  
j30_23_1.rcp | 0.0288804 | 72 | 63 | 18 | 0.014601 | 72 | 63 | 18 |  
j30_23_2.rcp | 0.004702 | 20 | 53 | 4 | 0.0024262 | 20 | 53 | 4 |  
j30_23_3.rcp | 0.0069296 | 23 | 46 | 11 | 0.0038381 | 23 | 46 | 11 |  
j30_23_4.rcp | 0.0126029 | 49 | 65 | 8 | 0.0069799 | 49 | 65 | 8 |  
j30_23_5.rcp | 0.0080828 | 30 | 52 | 4 | 0.0050202 | 30 | 52 | 4 |  
j30_23_6.rcp | 0.0065131 | 27 | 48 | 3 | 0.0036869 | 27 | 48 | 3 |  
j30_23_7.rcp | 0.0181391 | 52 | 60 | 29 | 0.0096515 | 52 | 60 | 29 |  
j30_23_8.rcp | 0.0064056 | 19 | 48 | 11 | 0.0033104 | 19 | 48 | 11 |  
j30_23_9.rcp | 0.0081488 | 19 | 63 | 12 | 0.0041878 | 19 | 63 | 12 |  
j30_23_10.rcp | 0.0051954 | 23 | 61 | 6 | 0.0027438 | 23 | 61 | 6 |  
j30_24_1.rcp | 0.003724 | 19 | 53 | 1 | 0.0020331 | 19 | 53 | 1 |  
j30_24_2.rcp | 0.004752 | 21 | 58 | 5 | 0.0029163 | 21 | 58 | 5 |  
j30_24_3.rcp | 0.004409 | 17 | 69 | 4 | 0.002661 | 17 | 69 | 4 |  
j30_24_4.rcp | 0.0044942 | 21 | 53 | 3 | 0.0023643 | 21 | 53 | 3 |  
j30_24_5.rcp | 0.0046385 | 20 | 51 | 2 | 0.0029044 | 20 | 51 | 2 |  
j30_24_6.rcp | 0.0041005 | 21 | 56 | 1 | 0.0022348 | 21 | 56 | 1 |  
j30_24_7.rcp | 0.0053651 | 23 | 44 | 4 | 0.0025389 | 23 | 44 | 4 |  
j30_24_8.rcp | 0.0035991 | 21 | 38 | 0 | 0.0020299 | 21 | 38 | 0 |  
j30_24_9.rcp | 0.0063667 | 23 | 43 | 1 | 0.0024809 | 23 | 43 | 1 |  
j30_24_10.rcp | 0.0055946 | 21 | 53 | 3 | 0.0027977 | 21 | 53 | 3 |  
j30_25_1.rcp | 300.00027 | 253634 | -1 | 581794 | 300.00024 | 526197 | -1 | 1257185 |  
j30_25_2.rcp | 300.00018 | 225823 | -1 | 409497 | 300.00113 | 390872 | -1 | 1083017 |  
j30_25_3.rcp | 300.00024 | 230463 | -1 | 571434 | 300.00015 | 641498 | -1 | 1304087 |  
j30_25_4.rcp | 300.00006 | 281331 | -1 | 420025 | 300.00006 | 287473 | -1 | 796318 |  
j30_25_5.rcp | 300.00006 | 386628 | -1 | 373057 | 300.0003 | 1056703 | -1 | 826620 |  
j30_25_6.rcp | 300.00012 | 235790 | -1 | 659941 | 300.00052 | 455761 | -1 | 1219552 |  
j30_25_7.rcp | 300.00104 | 197415 | -1 | 584947 | 300.00015 | 368568 | -1 | 997949 |  
j30_25_8.rcp | 300.00046 | 241891 | -1 | 457547 | 300.0003 | 442516 | -1 | 743351 |  
j30_25_9.rcp | 300.00067 | 251312 | -1 | 424194 | 300.00037 | 721294 | -1 | 1241578 |  
j30_25_10.rcp | 300.00015 | 265434 | -1 | 682067 | 300.00003 | 579096 | -1 | 1431311 |  
j30_26_1.rcp | 0.0606912 | 76 | 59 | 114 | 0.0204554 | 76 | 59 | 114 |  
j30_26_2.rcp | 0.0142378 | 19 | 40 | 11 | 0.0066726 | 19 | 40 | 11 |  
j30_26_3.rcp | 0.0210559 | 17 | 58 | 25 | 0.0094113 | 17 | 58 | 25 |  
j30_26_4.rcp | 0.0170867 | 20 | 62 | 25 | 0.009524 | 20 | 62 | 25 |  
j30_26_5.rcp | 10.967727 | 17651 | 74 | 4484 | 5.321397 | 17651 | 74 | 4484 |  
j30_26_6.rcp | 300.00024 | 408883 | -1 | 321902 | 300.00006 | 884916 | -1 | 775204 |  
j30_26_7.rcp | 0.0153355 | 19 | 56 | 4 | 0.0067418 | 19 | 56 | 4 |  
j30_26_8.rcp | 0.0181425 | 31 | 66 | 13 | 0.0108283 | 31 | 66 | 13 |  
j30_26_9.rcp | 0.2282959 | 274 | 43 | 287 | 0.14017661 | 274 | 43 | 321 |  
j30_26_10.rcp | 4.6092153 | 7095 | 49 | 4738 | 2.4821038 | 7095 | 49 | 5096 |  
j30_27_1.rcp | 0.0333296 | 64 | 43 | 66 | 0.0147543 | 64 | 43 | 66 |  
j30_27_2.rcp | 0.0118077 | 18 | 58 | 11 | 0.0054869 | 18 | 58 | 11 |  
j30_27_3.rcp | 0.0079228 | 18 | 60 | 9 | 0.0054672 | 18 | 60 | 9 |  
j30_27_4.rcp | 0.0127419 | 20 | 64 | 9 | 0.0062309 | 20 | 64 | 9 |  
j30_27_5.rcp | 0.0260323 | 42 | 49 | 15 | 0.01307 | 42 | 49 | 15 |  
j30_27_6.rcp | 0.0091498 | 15 | 59 | 5 | 0.0043144 | 15 | 59 | 5 |  
j30_27_7.rcp | 0.0286664 | 51 | 49 | 12 | 0.0157984 | 51 | 49 | 12 |  
j30_27_8.rcp | 0.0146768 | 20 | 66 | 11 | 0.0070683 | 20 | 66 | 11 |  
j30_27_9.rcp | 0.0133802 | 16 | 55 | 10 | 0.0067103 | 16 | 55 | 10 |  
j30_27_10.rcp | 0.0098239 | 19 | 62 | 5 | 0.0045158 | 19 | 62 | 5 |  
j30_28_1.rcp | 0.0118221 | 23 | 69 | 3 | 0.0069367 | 23 | 69 | 3 |  
j30_28_2.rcp | 0.0083254 | 19 | 57 | 2 | 0.0040908 | 19 | 57 | 2 |  
j30_28_3.rcp | 0.0081782 | 17 | 40 | 7 | 0.0043431 | 17 | 40 | 7 |  
j30_28_4.rcp | 0.0092123 | 25 | 49 | 3 | 0.0047607 | 25 | 49 | 3 |  
j30_28_5.rcp | 0.0080023 | 20 | 73 | 1 | 0.0040806 | 20 | 73 | 1 |  
j30_28_6.rcp | 0.0090622 | 20 | 55 | 5 | 0.0047451 | 20 | 55 | 5 |  
j30_28_7.rcp | 0.0096914 | 23 | 48 | 1 | 0.0049638 | 23 | 48 | 1 |  
j30_28_8.rcp | 0.0082383 | 21 | 53 | 1 | 0.0041414 | 21 | 53 | 1 |  
j30_28_9.rcp | 0.0082271 | 20 | 62 | 4 | 0.0042081 | 20 | 62 | 4 |  
j30_28_10.rcp | 0.0078898 | 19 | 59 | 0 | 0.0050329 | 19 | 59 | 0 |  
j30_29_1.rcp | 300.00394 | 113044 | -1 | 506404 | 300.00024 | 193603 | -1 | 885762 |  
j30_29_2.rcp | 300.00128 | 222550 | -1 | 329331 | 300.0009 | 265379 | -1 | 877894 |  
j30_29_3.rcp | 300.0018 | 413349 | -1 | 393008 | 300.00635 | 354019 | -1 | 692232 |  
j30_29_4.rcp | 300.00372 | 158302 | -1 | 436952 | 300.00015 | 247272 | -1 | 712580 |  
j30_29_5.rcp | 300.0085 | 198784 | -1 | 388043 | 300.00525 | 280418 | -1 | 708447 |  
j30_29_6.rcp | 300.00833 | 137307 | -1 | 473051 | 300.001 | 322686 | -1 | 973094 |  
j30_29_7.rcp | 300.0004 | 176197 | -1 | 264362 | 300.00122 | 298577 | -1 | 534966 |  
j30_29_8.rcp | 300.00052 | 110023 | -1 | 614586 | 300.0029 | 164878 | -1 | 1005897 |  
j30_29_9.rcp | 300.00302 | 100178 | -1 | 414119 | 300.00034 | 149799 | -1 | 671953 |  
j30_29_10.rcp | 300.00565 | 168917 | -1 | 354260 | 300.00208 | 266278 | -1 | 578352 |  
j30_30_1.rcp | 28.329283 | 22540 | 47 | 18376 | 10.825182 | 15920 | 47 | 13707 |  
j30_30_2.rcp | 300.0001 | 232121 | -1 | 237379 | 163.35425 | 284108 | 68 | 294980 |  
j30_30_3.rcp | 29.820986 | 23374 | 55 | 27875 | 17.661743 | 26805 | 55 | 32810 |  
j30_30_4.rcp | 9.641913 | 8742 | 53 | 8569 | 5.899739 | 8742 | 53 | 9605 |  
j30_30_5.rcp | 1.9332199 | 1673 | 54 | 2195 | 0.9917705 | 1485 | 54 | 2067 |  
j30_30_6.rcp | 300.00116 | 180279 | -1 | 303621 | 221.22964 | 282402 | 62 | 400620 |  
j30_30_7.rcp | 300.0006 | 185991 | -1 | 359370 | 300.00015 | 354472 | -1 | 759676 |  
j30_30_8.rcp | 65.72346 | 57902 | 46 | 77765 | 39.624172 | 57902 | 46 | 86123 |  
j30_30_9.rcp | 300.00037 | 316955 | -1 | 322287 | 171.22836 | 353579 | 46 | 412212 |  
j30_30_10.rcp | 300.00073 | 287921 | -1 | 177178 | 300.00012 | 508144 | -1 | 419013 |  
j30_31_1.rcp | 0.018598 | 21 | 43 | 8 | 0.0086873 | 21 | 43 | 8 |  
j30_31_2.rcp | 0.0172434 | 21 | 63 | 7 | 0.0096859 | 21 | 63 | 7 |  
j30_31_3.rcp | 0.0168564 | 20 | 58 | 8 | 0.0077719 | 20 | 58 | 8 |  
j30_31_4.rcp | 0.0196915 | 21 | 50 | 12 | 0.0091851 | 21 | 50 | 12 |  
j30_31_5.rcp | 1.1663859 | 886 | 52 | 785 | 0.65126824 | 886 | 52 | 790 |  
j30_31_6.rcp | 0.0192486 | 19 | 53 | 14 | 0.0087667 | 19 | 53 | 14 |  
j30_31_7.rcp | 0.0195002 | 16 | 61 | 11 | 0.0084332 | 16 | 61 | 11 |  
j30_31_8.rcp | 0.0202044 | 20 | 58 | 5 | 0.0098746 | 20 | 58 | 5 |  
j30_31_9.rcp | 52.357334 | 50054 | 50 | 65332 | 29.621086 | 50054 | 50 | 70881 |  
j30_31_10.rcp | 300.00073 | 265156 | -1 | 201227 | 195.12158 | 346463 | 55 | 251183 |  
j30_32_1.rcp | 0.0140675 | 23 | 61 | 1 | 0.0061981 | 23 | 61 | 1 |  
j30_32_2.rcp | 0.0152113 | 26 | 60 | 1 | 0.0073218 | 26 | 60 | 1 |  
j30_32_3.rcp | 0.0131112 | 20 | 57 | 4 | 0.0060889 | 20 | 57 | 4 |  
j30_32_4.rcp | 0.0140192 | 21 | 68 | 1 | 0.006704 | 21 | 68 | 1 |  
j30_32_5.rcp | 0.0124237 | 18 | 54 | 1 | 0.0058176 | 18 | 54 | 1 |  
j30_32_6.rcp | 0.0107704 | 16 | 44 | 6 | 0.005689 | 16 | 44 | 6 |  
j30_32_7.rcp | 0.0074363 | 18 | 35 | 0 | 0.0057117 | 18 | 35 | 0 |  
j30_32_8.rcp | 0.0103925 | 19 | 54 | 2 | 0.0062564 | 19 | 54 | 2 |  
j30_32_9.rcp | 0.0090748 | 17 | 65 | 0 | 0.0046127 | 17 | 65 | 0 |  
j30_32_10.rcp | 0.0087707 | 17 | 51 | 0 | 0.0055649 | 17 | 51 | 0 |  
j30_33_1.rcp | 0.0068728 | 27 | 65 | 37 | 0.0029889 | 27 | 65 | 37 |  
j30_33_2.rcp | 0.0040887 | 42 | 60 | 39 | 0.0030565 | 42 | 60 | 39 |  
j30_33_3.rcp | 0.0316723 | 254 | 55 | 232 | 0.0229521 | 254 | 55 | 237 |  
j30_33_4.rcp | 0.0027873 | 29 | 77 | 30 | 0.0017735 | 29 | 77 | 30 |  
j30_33_5.rcp | 0.0206001 | 122 | 53 | 103 | 0.013224 | 122 | 53 | 107 |  
j30_33_6.rcp | 0.0043283 | 44 | 59 | 29 | 0.0029231 | 44 | 59 | 29 |  
j30_33_7.rcp | 0.0020081 | 19 | 58 | 9 | 0.0011635 | 19 | 58 | 9 |  
j30_33_8.rcp | 0.0336089 | 158 | 61 | 132 | 0.0190791 | 158 | 61 | 132 |  
j30_33_9.rcp | 0.019241 | 153 | 65 | 97 | 0.0140937 | 153 | 65 | 97 |  
j30_33_10.rcp | 0.0048136 | 65 | 53 | 12 | 0.003083 | 65 | 53 | 12 |  
j30_34_1.rcp | 0.0117865 | 86 | 68 | 56 | 0.0063553 | 86 | 68 | 56 |  
j30_34_2.rcp | 0.002655 | 25 | 44 | 9 | 0.0017491 | 25 | 44 | 9 |  
j30_34_3.rcp | 0.017868 | 165 | 69 | 95 | 0.0103189 | 165 | 69 | 95 |  
j30_34_4.rcp | 0.0021034 | 21 | 67 | 5 | 0.0010795 | 21 | 67 | 5 |  
j30_34_5.rcp | 0.0018695 | 26 | 63 | 10 | 0.001403 | 26 | 63 | 10 |  
j30_34_6.rcp | 0.0039248 | 46 | 52 | 15 | 0.0038286 | 46 | 52 | 15 |  
j30_34_7.rcp | 0.0026438 | 21 | 58 | 8 | 0.0017295 | 21 | 58 | 8 |  
j30_34_8.rcp | 0.0046897 | 44 | 58 | 15 | 0.0027504 | 44 | 58 | 15 |  
j30_34_9.rcp | 0.001871 | 21 | 60 | 7 | 0.0010309 | 21 | 60 | 7 |  
j30_34_10.rcp | 0.0015791 | 20 | 47 | 5 | 0.0010217 | 20 | 47 | 5 |  
j30_35_1.rcp | 0.0026596 | 31 | 57 | 11 | 0.0016358 | 31 | 57 | 11 |  
j30_35_2.rcp | 0.0014623 | 23 | 53 | 3 | 8.18E-4 | 23 | 53 | 3 |  
j30_35_3.rcp | 0.0020233 | 20 | 60 | 8 | 0.0012909 | 20 | 60 | 8 |  
j30_35_4.rcp | 0.0020765 | 23 | 50 | 5 | 0.0013707 | 23 | 50 | 5 |  
j30_35_5.rcp | 0.0017554 | 24 | 60 | 5 | 0.001121 | 24 | 60 | 5 |  
j30_35_6.rcp | 0.002345 | 25 | 58 | 11 | 0.0016635 | 25 | 58 | 11 |  
j30_35_7.rcp | 0.0029806 | 31 | 61 | 9 | 0.0018358 | 31 | 61 | 9 |  
j30_35_8.rcp | 0.0016592 | 23 | 63 | 6 | 0.001176 | 23 | 63 | 6 |  
j30_35_9.rcp | 0.0020307 | 26 | 59 | 10 | 0.0013375 | 26 | 59 | 10 |  
j30_35_10.rcp | 0.0034218 | 36 | 59 | 11 | 0.0020981 | 36 | 59 | 11 |  
j30_36_1.rcp | 0.0012046 | 21 | 66 | 3 | 8.304E-4 | 21 | 66 | 3 |  
j30_36_2.rcp | 0.0011826 | 19 | 44 | 4 | 7.275E-4 | 19 | 44 | 4 |  
j30_36_3.rcp | 0.001053 | 18 | 61 | 3 | 7.455E-4 | 18 | 61 | 3 |  
j30_36_4.rcp | 0.0011167 | 20 | 59 | 1 | 7.603E-4 | 20 | 59 | 1 |  
j30_36_5.rcp | 0.0013618 | 21 | 64 | 1 | 9.46E-4 | 21 | 64 | 1 |  
j30_36_6.rcp | 0.0010496 | 21 | 46 | 6 | 6.833E-4 | 21 | 46 | 6 |  
j30_36_7.rcp | 0.0010528 | 18 | 56 | 1 | 9.578E-4 | 18 | 56 | 1 |  
j30_36_8.rcp | 0.001235 | 22 | 63 | 2 | 7.738E-4 | 22 | 63 | 2 |  
j30_36_9.rcp | 0.001243 | 21 | 59 | 0 | 7.737E-4 | 21 | 59 | 0 |  
j30_36_10.rcp | 0.0012964 | 20 | 59 | 7 | 0.0010372 | 20 | 59 | 7 |  
j30_37_1.rcp | 300.00012 | 462434 | -1 | 772029 | 300.00095 | 949758 | -1 | 1609865 |  
j30_37_2.rcp | 26.684404 | 39530 | 69 | 80064 | 12.508436 | 38184 | 69 | 72098 |  
j30_37_3.rcp | 300.00046 | 675489 | -1 | 868369 | 275.9131 | 1040470 | 81 | 1631794 |  
j30_37_4.rcp | 300.00027 | 456645 | -1 | 1171728 | 300.00012 | 841459 | -1 | 2235644 |  
j30_37_5.rcp | 300.00012 | 531232 | -1 | 911784 | 300.00024 | 1068902 | -1 | 1799207 |  
j30_37_6.rcp | 13.710959 | 21762 | 73 | 32367 | 7.398819 | 20776 | 73 | 35259 |  
j30_37_7.rcp | 300.00034 | 378515 | -1 | 879907 | 300.0002 | 710849 | -1 | 1755591 |  
j30_37_8.rcp | 163.39645 | 154531 | 72 | 492338 | 83.56047 | 152503 | 72 | 490937 |  
j30_37_9.rcp | 1.1607002 | 1529 | 57 | 4073 | 0.6152652 | 1519 | 57 | 4240 |  
j30_37_10.rcp | 3.093004 | 3187 | 81 | 6557 | 1.523566 | 3145 | 81 | 6620 |  
j30_38_1.rcp | 0.0647376 | 161 | 48 | 119 | 0.0371745 | 161 | 48 | 119 |  
j30_38_2.rcp | 0.0204138 | 49 | 54 | 19 | 0.0086441 | 49 | 54 | 19 |  
j30_38_3.rcp | 0.03247 | 87 | 59 | 47 | 0.0178192 | 87 | 59 | 47 |  
j30_38_4.rcp | 0.018478 | 68 | 59 | 26 | 0.0096797 | 68 | 59 | 26 |  
j30_38_5.rcp | 0.1528052 | 257 | 71 | 249 | 0.14190769 | 445 | 71 | 436 |  
j30_38_6.rcp | 0.0051987 | 15 | 63 | 5 | 0.0026597 | 15 | 63 | 5 |  
j30_38_7.rcp | 0.0133486 | 28 | 65 | 25 | 0.0072122 | 28 | 65 | 25 |  
j30_38_8.rcp | 0.0218235 | 65 | 61 | 26 | 0.0123541 | 65 | 61 | 26 |  
j30_38_9.rcp | 0.0142738 | 39 | 63 | 16 | 0.0077961 | 39 | 63 | 16 |  
j30_38_10.rcp | 0.0311407 | 118 | 60 | 27 | 0.0176094 | 118 | 60 | 27 |  
j30_39_1.rcp | 0.0295845 | 65 | 55 | 37 | 0.0110999 | 65 | 55 | 37 |  
j30_39_2.rcp | 0.0068414 | 21 | 54 | 8 | 0.003564 | 21 | 54 | 8 |  
j30_39_3.rcp | 0.0153496 | 45 | 54 | 17 | 0.0081618 | 45 | 54 | 17 |  
j30_39_4.rcp | 0.0052652 | 18 | 53 | 7 | 0.0030707 | 18 | 53 | 7 |  
j30_39_5.rcp | 0.0044159 | 12 | 55 | 5 | 0.0022839 | 12 | 55 | 5 |  
j30_39_6.rcp | 0.0141771 | 51 | 69 | 4 | 0.0088181 | 51 | 69 | 4 |  
j30_39_7.rcp | 0.0082697 | 25 | 56 | 12 | 0.004797 | 25 | 56 | 12 |  
j30_39_8.rcp | 0.0056427 | 22 | 67 | 7 | 0.0029104 | 22 | 67 | 7 |  
j30_39_9.rcp | 0.0189458 | 73 | 64 | 18 | 0.0103671 | 73 | 64 | 18 |  
j30_39_10.rcp | 0.0087859 | 32 | 60 | 7 | 0.0049057 | 32 | 60 | 7 |  
j30_40_1.rcp | 0.0069502 | 21 | 51 | 5 | 0.0030013 | 21 | 51 | 5 |  
j30_40_2.rcp | 0.0040115 | 23 | 56 | 0 | 0.0021521 | 23 | 56 | 0 |  
j30_40_3.rcp | 0.0041793 | 23 | 57 | 0 | 0.0022756 | 23 | 57 | 0 |  
j30_40_4.rcp | 0.0043622 | 19 | 57 | 2 | 0.0022692 | 19 | 57 | 2 |  
j30_40_5.rcp | 0.0039653 | 22 | 65 | 2 | 0.0021514 | 22 | 65 | 2 |  
j30_40_6.rcp | 0.0050743 | 22 | 60 | 2 | 0.0029961 | 22 | 60 | 2 |  
j30_40_7.rcp | 0.0046135 | 20 | 46 | 1 | 0.0025487 | 20 | 46 | 1 |  
j30_40_8.rcp | 0.0044309 | 23 | 57 | 3 | 0.0025736 | 23 | 57 | 3 |  
j30_40_9.rcp | 0.0048326 | 19 | 64 | 2 | 0.0024108 | 19 | 64 | 2 |  
j30_40_10.rcp | 0.0040464 | 18 | 51 | 0 | 0.0022921 | 18 | 51 | 0 |  
j30_41_1.rcp | 300.00214 | 227439 | -1 | 468320 | 300.00217 | 418547 | -1 | 893684 |  
j30_41_2.rcp | 300.00034 | 247496 | -1 | 638216 | 300.00168 | 480916 | -1 | 1254981 |  
j30_41_3.rcp | 300.00143 | 219722 | -1 | 479845 | 300.0001 | 475421 | -1 | 1093875 |  
j30_41_4.rcp | 300.00436 | 200680 | -1 | 453831 | 300.00015 | 343915 | -1 | 824241 |  
j30_41_5.rcp | 300.0002 | 290647 | -1 | 508884 | 300.00034 | 662477 | -1 | 1119053 |  
j30_41_6.rcp | 300.00012 | 327758 | -1 | 576470 | 300.00006 | 600970 | -1 | 1210119 |  
j30_41_7.rcp | 300.0003 | 181536 | -1 | 464555 | 300.0004 | 326508 | -1 | 653930 |  
j30_41_8.rcp | 300.00037 | 234133 | -1 | 418536 | 300.00107 | 333855 | -1 | 923246 |  
j30_41_9.rcp | 300.0004 | 242939 | -1 | 486023 | 300.0006 | 378975 | -1 | 1042738 |  
j30_41_10.rcp | 300.0006 | 165604 | -1 | 656286 | 300.0001 | 281756 | -1 | 1093331 |  
j30_42_1.rcp | 0.0116007 | 15 | 58 | 8 | 0.0059505 | 15 | 58 | 8 |  
j30_42_2.rcp | 0.1639159 | 203 | 50 | 181 | 0.0838787 | 203 | 50 | 181 |  
j30_42_3.rcp | 300.00012 | 306961 | -1 | 471618 | 300.0002 | 685392 | -1 | 1085061 |  
j30_42_4.rcp | 20.029037 | 23313 | 49 | 29202 | 12.082687 | 23009 | 49 | 32383 |  
j30_42_5.rcp | 0.014349 | 24 | 52 | 14 | 0.0066621 | 24 | 52 | 14 |  
j30_42_6.rcp | 0.0971113 | 114 | 66 | 95 | 0.0534355 | 114 | 66 | 98 |  
j30_42_7.rcp | 0.0186219 | 19 | 66 | 7 | 0.0071181 | 19 | 66 | 7 |  
j30_42_8.rcp | 6.7963705 | 7729 | 82 | 5937 | 4.196219 | 8077 | 82 | 6197 |  
j30_42_9.rcp | 300.00027 | 369525 | -1 | 403425 | 300.00027 | 1010623 | -1 | 1101075 |  
j30_42_10.rcp | 0.0150343 | 21 | 75 | 12 | 0.0075957 | 21 | 75 | 12 |  
j30_43_1.rcp | 27.244047 | 31014 | 55 | 17887 | 13.544109 | 30014 | 55 | 17451 |  
j30_43_2.rcp | 0.0142334 | 17 | 43 | 3 | 0.0049256 | 17 | 43 | 3 |  
j30_43_3.rcp | 2.0590775 | 2702 | 57 | 1569 | 1.0254002 | 2291 | 57 | 1716 |  
j30_43_4.rcp | 0.0196834 | 23 | 67 | 10 | 0.0080536 | 23 | 67 | 10 |  
j30_43_5.rcp | 0.0609599 | 84 | 64 | 70 | 0.030928 | 84 | 64 | 70 |  
j30_43_6.rcp | 0.1799129 | 253 | 58 | 68 | 0.0996162 | 253 | 58 | 68 |  
j30_43_7.rcp | 0.0109737 | 20 | 52 | 5 | 0.0056748 | 20 | 52 | 5 |  
j30_43_8.rcp | 0.0335206 | 40 | 62 | 25 | 0.0170612 | 40 | 62 | 25 |  
j30_43_9.rcp | 0.9195623 | 1719 | 57 | 1062 | 0.4437167 | 1719 | 57 | 1062 |  
j30_43_10.rcp | 0.0218478 | 23 | 60 | 31 | 0.0134811 | 24 | 60 | 41 |  
j30_44_1.rcp | 0.0096478 | 18 | 50 | 2 | 0.0037716 | 18 | 50 | 2 |  
j30_44_2.rcp | 0.0078603 | 18 | 54 | 0 | 0.0037858 | 18 | 54 | 0 |  
j30_44_3.rcp | 0.00739 | 23 | 51 | 0 | 0.0038691 | 23 | 51 | 0 |  
j30_44_4.rcp | 0.0095612 | 21 | 57 | 1 | 0.0047289 | 21 | 57 | 1 |  
j30_44_5.rcp | 0.009204 | 23 | 55 | 1 | 0.0046051 | 23 | 55 | 1 |  
j30_44_6.rcp | 0.0081503 | 21 | 56 | 2 | 0.00407 | 21 | 56 | 2 |  
j30_44_7.rcp | 0.007896 | 19 | 42 | 1 | 0.0037656 | 19 | 42 | 1 |  
j30_44_8.rcp | 0.0112836 | 20 | 49 | 6 | 0.0052493 | 20 | 49 | 6 |  
j30_44_9.rcp | 0.0072231 | 19 | 64 | 2 | 0.0036095 | 19 | 64 | 2 |  
j30_44_10.rcp | 0.0088209 | 21 | 63 | 1 | 0.0040752 | 21 | 63 | 1 |  
j30_45_1.rcp | 300.00165 | 147724 | -1 | 340810 | 300.0002 | 253699 | -1 | 573332 |  
j30_45_2.rcp | 300.0002 | 361042 | -1 | 435357 | 300.00006 | 260779 | -1 | 565556 |  
j30_45_3.rcp | 300.00034 | 119406 | -1 | 333743 | 300.001 | 211304 | -1 | 595507 |  
j30_45_4.rcp | 300.00977 | 112231 | -1 | 353693 | 300.00183 | 212714 | -1 | 616052 |  
j30_45_5.rcp | 300.0001 | 185708 | -1 | 352714 | 300.00018 | 284174 | -1 | 602134 |  
j30_45_6.rcp | 300.00214 | 135616 | -1 | 517097 | 300.00427 | 197881 | -1 | 775438 |  
j30_45_7.rcp | 300.00003 | 134204 | -1 | 295828 | 300.00092 | 228302 | -1 | 570643 |  
j30_45_8.rcp | 300.00052 | 143929 | -1 | 322910 | 300.00143 | 168742 | -1 | 551412 |  
j30_45_9.rcp | 300.0005 | 148534 | -1 | 381913 | 300.00027 | 331773 | -1 | 766252 |  
j30_45_10.rcp | 300.00186 | 121354 | -1 | 426990 | 300.00537 | 200973 | -1 | 725632 |  
j30_46_1.rcp | 2.9940548 | 1804 | 59 | 2618 | 1.7250153 | 1804 | 59 | 2608 |  
j30_46_2.rcp | 300.00018 | 201307 | -1 | 370369 | 171.0886 | 273876 | 67 | 529414 |  
j30_46_3.rcp | 300.00073 | 215975 | -1 | 390704 | 300.0002 | 523912 | -1 | 876829 |  
j30_46_4.rcp | 1.266533 | 1021 | 64 | 658 | 0.7313271 | 1021 | 64 | 658 |  
j30_46_5.rcp | 0.154034 | 149 | 57 | 56 | 0.0766325 | 149 | 57 | 56 |  
j30_46_6.rcp | 300.00012 | 192204 | -1 | 300251 | 300.00104 | 387951 | -1 | 580374 |  
j30_46_7.rcp | 300.0037 | 161262 | -1 | 314843 | 300.00082 | 262496 | -1 | 521957 |  
j30_46_8.rcp | 300.00024 | 249566 | -1 | 228559 | 300.00024 | 508343 | -1 | 479683 |  
j30_46_9.rcp | 102.17266 | 113046 | 49 | 104082 | 62.87543 | 150124 | 49 | 115846 |  
j30_46_10.rcp | 300.0011 | 265245 | -1 | 181245 | 300.00006 | 502531 | -1 | 534408 |  
j30_47_1.rcp | 0.0336441 | 21 | 58 | 7 | 0.0101147 | 21 | 58 | 7 |  
j30_47_2.rcp | 0.0172092 | 23 | 59 | 5 | 0.0081501 | 23 | 59 | 5 |  
j30_47_3.rcp | 0.0234235 | 26 | 55 | 11 | 0.0115002 | 26 | 55 | 11 |  
j30_47_4.rcp | 84.60394 | 94442 | 49 | 122823 | 27.234114 | 94442 | 49 | 122823 |  
j30_47_5.rcp | 0.14169471 | 163 | 47 | 115 | 0.0777384 | 163 | 47 | 115 |  
j30_47_6.rcp | 2.7266974 | 2353 | 53 | 2821 | 1.2931267 | 2353 | 53 | 2829 |  
j30_47_7.rcp | 0.1164836 | 147 | 66 | 19 | 0.0629731 | 147 | 66 | 19 |  
j30_47_8.rcp | 0.0186257 | 25 | 48 | 6 | 0.0093339 | 25 | 48 | 6 |  
j30_47_9.rcp | 0.0181976 | 20 | 65 | 8 | 0.0083176 | 20 | 65 | 8 |  
j30_47_10.rcp | 300.00046 | 271738 | -1 | 309510 | 300.0005 | 665719 | -1 | 786019 |  
j30_48_1.rcp | 0.0182465 | 22 | 63 | 0 | 0.006513199 | 22 | 63 | 0 |  
j30_48_2.rcp | 0.012431401 | 19 | 54 | 0 | 0.0052042 | 19 | 54 | 0 |  
j30_48_3.rcp | 0.0124533 | 23 | 50 | 0 | 0.005929299 | 23 | 50 | 0 |  
j30_48_4.rcp | 0.0145739 | 21 | 57 | 4 | 0.0062529 | 21 | 57 | 4 |  
j30_48_5.rcp | 0.0143218 | 25 | 58 | 0 | 0.0079254 | 25 | 58 | 0 |  
j30_48_6.rcp | 0.010091999 | 19 | 58 | 1 | 0.004627199 | 19 | 58 | 1 |  
j30_48_7.rcp | 0.011488701 | 16 | 55 | 2 | 0.005475001 | 16 | 55 | 2 |  
j30_48_8.rcp | 0.013453 | 22 | 44 | 0 | 0.006548499 | 22 | 44 | 0 |  
j30_48_9.rcp | 0.0109222 | 20 | 59 | 0 | 0.0056451 | 20 | 59 | 0 |  
j30_48_10.rcp | 0.0120667 | 20 | 54 | 0 | 0.0054931 | 20 | 54 | 0 |  
AVERAGE |5.096393 | 7938.888 | 13305.239 | 2.6615453 | 7968.273 | 13744.358 |  
TIME RATIO  = 191.48248 backtracks= 22.0