2020-05-11
 13:07:30.009552400
Data/j30/J30 
  BRANCHEMENT STATIQUE 
Inst |old_time |old_backt |makespan |old_prop |new_time |new_backt |makespan |new_prop|  
j30_1_1.rcp | 0.0477548 | 24 | 43 | 10 | 0.0329736 | 24 | 43 | 13 |  
j30_1_2.rcp | 1.9546217 | 18521 | 47 | 22212 | 1.44158 | 18521 | 47 | 31208 |  
j30_1_3.rcp | 0.002787 | 38 | 47 | 20 | 0.002078 | 38 | 47 | 22 |  
j30_1_4.rcp | 300.01822 | 13704490 | -1 | 162508 | 300.00012 | 10843147 | -1 | 657971 |  
j30_1_5.rcp | 25.118654 | 408767 | 39 | 558343 | 25.737755 | 404136 | 39 | 559150 |  
j30_1_6.rcp | 2.4633243 | 33674 | 48 | 31766 | 2.8409076 | 33674 | 48 | 35284 |  
j30_1_7.rcp | 0.0012399 | 17 | 60 | 6 | 0.0014105 | 17 | 60 | 12 |  
j30_1_8.rcp | 9.565E-4 | 13 | 53 | 10 | 0.0012331 | 13 | 53 | 13 |  
j30_1_9.rcp | 194.14491 | 4518508 | 49 | 3895850 | 166.59763 | 3411082 | 49 | 3329992 |  
j30_1_10.rcp | 0.0103009 | 70 | 45 | 123 | 0.0069703 | 70 | 45 | 114 |  
j30_2_1.rcp | 0.0021006 | 23 | 38 | 21 | 0.0022356 | 23 | 38 | 28 |  
j30_2_2.rcp | 0.0019992 | 26 | 51 | 7 | 0.001976 | 26 | 51 | 10 |  
j30_2_3.rcp | 8.099E-4 | 14 | 43 | 1 | 7.146E-4 | 14 | 43 | 1 |  
j30_2_4.rcp | 0.0011256 | 19 | 43 | 4 | 0.0010889 | 19 | 43 | 5 |  
j30_2_5.rcp | 0.0014037 | 37 | 51 | 6 | 0.0015088 | 37 | 51 | 15 |  
j30_2_6.rcp | 0.0011238 | 21 | 47 | 6 | 0.0015753 | 21 | 47 | 9 |  
j30_2_7.rcp | 0.0011844 | 13 | 47 | 5 | 0.0010272 | 13 | 47 | 8 |  
j30_2_8.rcp | 0.0018421 | 20 | 54 | 12 | 0.0018208 | 20 | 54 | 19 |  
j30_2_9.rcp | 0.0019175 | 20 | 54 | 13 | 0.0018707 | 20 | 54 | 18 |  
j30_2_10.rcp | 0.0037906 | 78 | 43 | 41 | 0.0044272 | 78 | 43 | 67 |  
j30_3_1.rcp | 8.398E-4 | 13 | 72 | 4 | 8.116E-4 | 13 | 72 | 5 |  
j30_3_2.rcp | 9.6E-4 | 18 | 40 | 2 | 9.606E-4 | 18 | 40 | 6 |  
j30_3_3.rcp | 9.369E-4 | 15 | 57 | 4 | 8.172E-4 | 15 | 57 | 8 |  
j30_3_4.rcp | 7.815E-4 | 15 | 98 | 7 | 0.0012214 | 15 | 98 | 8 |  
j30_3_5.rcp | 0.0019989 | 31 | 53 | 8 | 0.0019387 | 31 | 53 | 9 |  
j30_3_6.rcp | 0.0010694 | 19 | 54 | 1 | 0.0012317 | 19 | 54 | 5 |  
j30_3_7.rcp | 8.874E-4 | 16 | 48 | 3 | 9.375E-4 | 16 | 48 | 6 |  
j30_3_8.rcp | 8.142E-4 | 13 | 54 | 2 | 7.297E-4 | 13 | 54 | 3 |  
j30_3_9.rcp | 0.0047638 | 87 | 65 | 20 | 0.0053981 | 87 | 65 | 30 |  
j30_3_10.rcp | 0.0015046 | 18 | 59 | 5 | 0.0016108 | 18 | 59 | 9 |  
j30_4_1.rcp | 6.899E-4 | 13 | 49 | 1 | 6.43E-4 | 13 | 49 | 2 |  
j30_4_2.rcp | 0.0011364 | 16 | 60 | 3 | 9.082E-4 | 16 | 60 | 4 |  
j30_4_3.rcp | 8.466E-4 | 13 | 47 | 2 | 8.215E-4 | 13 | 47 | 5 |  
j30_4_4.rcp | 6.975E-4 | 12 | 57 | 0 | 7.747E-4 | 12 | 57 | 2 |  
j30_4_5.rcp | 0.0013639 | 14 | 59 | 5 | 0.0012495 | 14 | 59 | 5 |  
j30_4_6.rcp | 8.676E-4 | 12 | 45 | 3 | 7.992E-4 | 12 | 45 | 4 |  
j30_4_7.rcp | 7.248E-4 | 11 | 56 | 2 | 7.013E-4 | 11 | 56 | 2 |  
j30_4_8.rcp | 0.0011141 | 13 | 55 | 0 | 8.014E-4 | 13 | 55 | 0 |  
j30_4_9.rcp | 0.0010978 | 10 | 38 | 4 | 0.0010835 | 10 | 38 | 4 |  
j30_4_10.rcp | 0.0013385 | 11 | 48 | 3 | 0.0016969 | 11 | 48 | 3 |  
j30_5_1.rcp | 300.0079 | 1797086 | -1 | 1850705 | 300.0001 | 1505967 | -1 | 2322290 |  
j30_5_2.rcp | 300.01663 | 1381015 | -1 | 2828648 | 300.00012 | 1259693 | -1 | 2310845 |  
j30_5_3.rcp | 300.00504 | 836463 | -1 | 2594723 | 300.0011 | 813858 | -1 | 2375085 |  
j30_5_4.rcp | 300.00143 | 1663840 | -1 | 1863016 | 300.00964 | 1758784 | -1 | 2195311 |  
j30_5_5.rcp | 300.0005 | 1427358 | -1 | 2463733 | 300.00186 | 1485800 | -1 | 1909958 |  
j30_5_6.rcp | 300.00067 | 1591507 | -1 | 2521672 | 300.0145 | 1690307 | -1 | 2036200 |  
j30_5_7.rcp | 300.01355 | 1588455 | -1 | 2651683 | 300.00006 | 1707634 | -1 | 2086510 |  
j30_5_8.rcp | 300.01306 | 1711903 | -1 | 2371629 | 300.00006 | 1538579 | -1 | 2385538 |  
j30_5_9.rcp | 300.00006 | 1251511 | -1 | 1411560 | 300.00015 | 1234807 | -1 | 1615183 |  
j30_5_10.rcp | 300.00027 | 1153504 | -1 | 2551132 | 300.0101 | 984024 | -1 | 2706524 |  
j30_6_1.rcp | 300.0188 | 1845967 | -1 | 619211 | 300.01215 | 1716912 | -1 | 1199238 |  
j30_6_2.rcp | 300.01566 | 1423155 | -1 | 1205657 | 300.01352 | 1141256 | -1 | 2703605 |  
j30_6_3.rcp | 10.599253 | 65774 | 48 | 11210 | 13.808782 | 65774 | 48 | 44559 |  
j30_6_4.rcp | 300.00165 | 1853927 | -1 | 964954 | 300.00006 | 1738455 | -1 | 2267734 |  
j30_6_5.rcp | 300.00052 | 1736974 | -1 | 715960 | 300.0001 | 1560096 | -1 | 1360571 |  
j30_6_6.rcp | 0.0059804 | 19 | 37 | 17 | 0.0047041 | 19 | 37 | 21 |  
j30_6_7.rcp | 0.0052521 | 22 | 46 | 12 | 0.0055067 | 22 | 46 | 25 |  
j30_6_8.rcp | 0.0061899 | 32 | 39 | 7 | 0.0047341 | 20 | 39 | 14 |  
j30_6_9.rcp | 0.0039332 | 19 | 51 | 4 | 0.0071322 | 19 | 51 | 15 |  
j30_6_10.rcp | 300.01013 | 1706694 | -1 | 1368510 | 300.0025 | 1845095 | -1 | 1810447 |  
j30_7_1.rcp | 0.0057853 | 16 | 55 | 1 | 0.002518 | 16 | 55 | 1 |  
j30_7_2.rcp | 0.0026849 | 16 | 42 | 3 | 0.0022575 | 16 | 42 | 3 |  
j30_7_3.rcp | 0.0050809 | 18 | 42 | 3 | 0.003247 | 18 | 42 | 7 |  
j30_7_4.rcp | 0.0030277 | 19 | 44 | 4 | 0.0032306 | 19 | 44 | 5 |  
j30_7_5.rcp | 0.0075807 | 44 | 44 | 4 | 0.0067097 | 44 | 44 | 8 |  
j30_7_6.rcp | 0.0031026 | 17 | 35 | 1 | 0.0018647 | 13 | 35 | 3 |  
j30_7_7.rcp | 0.0026605 | 12 | 50 | 5 | 0.0029241 | 12 | 50 | 12 |  
j30_7_8.rcp | 0.0059412 | 27 | 44 | 18 | 0.0062211 | 27 | 44 | 29 |  
j30_7_9.rcp | 0.0049027 | 23 | 60 | 4 | 0.0052022 | 23 | 60 | 6 |  
j30_7_10.rcp | 14.215864 | 153428 | 49 | 2396 | 14.565172 | 153428 | 49 | 8783 |  
j30_8_1.rcp | 0.0012057 | 11 | 44 | 0 | 0.0010318 | 11 | 44 | 0 |  
j30_8_2.rcp | 0.0014988 | 13 | 51 | 0 | 0.0011743 | 13 | 51 | 0 |  
j30_8_3.rcp | 0.0015791 | 14 | 53 | 0 | 0.0016994 | 14 | 53 | 1 |  
j30_8_4.rcp | 0.005036 | 16 | 48 | 1 | 0.0020834 | 16 | 48 | 2 |  
j30_8_5.rcp | 0.0019826 | 15 | 58 | 0 | 0.0017297 | 15 | 58 | 1 |  
j30_8_6.rcp | 0.0029749 | 13 | 47 | 0 | 0.001787 | 13 | 47 | 3 |  
j30_8_7.rcp | 0.0017451 | 11 | 41 | 0 | 0.0014262 | 11 | 41 | 1 |  
j30_8_8.rcp | 0.0024462 | 15 | 51 | 2 | 0.0017778 | 15 | 51 | 3 |  
j30_8_9.rcp | 0.0018966 | 15 | 39 | 0 | 0.0015444 | 15 | 39 | 0 |  
j30_8_10.rcp | 0.002165 | 14 | 67 | 1 | 0.0019582 | 14 | 67 | 1 |  
j30_9_1.rcp | 300.02383 | 626826 | -1 | 1641811 | 300.00055 | 501142 | -1 | 1464205 |  
j30_9_2.rcp | 300.0202 | 733589 | -1 | 1394563 | 300.01138 | 484163 | -1 | 1410219 |  
j30_9_3.rcp | 300.00287 | 520444 | -1 | 1869694 | 300.00537 | 372495 | -1 | 1608449 |  
j30_9_4.rcp | 300.02237 | 590486 | -1 | 1173261 | 300.0074 | 350617 | -1 | 1379278 |  
j30_9_5.rcp | 300.01962 | 584787 | -1 | 810669 | 300.0003 | 505242 | -1 | 732111 |  
j30_9_6.rcp | 300.0001 | 701247 | -1 | 1623527 | 300.00656 | 558063 | -1 | 1346434 |  
j30_9_7.rcp | 300.00024 | 1095817 | -1 | 1897140 | 300.00928 | 924979 | -1 | 1593974 |  
j30_9_8.rcp | 300.02078 | 513181 | -1 | 1486083 | 300.0151 | 380287 | -1 | 1247199 |  
j30_9_9.rcp | 300.00024 | 751255 | -1 | 1899659 | 300.00018 | 500408 | -1 | 1599961 |  
j30_9_10.rcp | 300.00006 | 862263 | -1 | 1340813 | 300.00052 | 463980 | -1 | 1293838 |  
j30_10_1.rcp | 0.0186975 | 16 | 42 | 3 | 0.0062052 | 16 | 42 | 6 |  
j30_10_2.rcp | 300.0094 | 777436 | -1 | 572098 | 300.0004 | 768092 | -1 | 881392 |  
j30_10_3.rcp | 23.463402 | 57942 | 62 | 49208 | 26.113277 | 57870 | 62 | 97089 |  
j30_10_4.rcp | 300.00098 | 1168066 | -1 | 169101 | 300.00543 | 989656 | -1 | 623347 |  
j30_10_5.rcp | 2.676947 | 9858 | 41 | 5586 | 2.6230288 | 9730 | 41 | 13158 |  
j30_10_6.rcp | 8.690177 | 22312 | 44 | 14118 | 8.735123 | 22312 | 44 | 19808 |  
j30_10_7.rcp | 0.063924 | 230 | 49 | 26 | 0.0506148 | 230 | 49 | 130 |  
j30_10_8.rcp | 163.32297 | 514107 | 54 | 55224 | 169.88556 | 514107 | 54 | 113172 |  
j30_10_9.rcp | 0.0192528 | 38 | 49 | 20 | 0.0098616 | 38 | 49 | 27 |  
j30_10_10.rcp | 300.00528 | 891232 | -1 | 690344 | 300.00092 | 897125 | -1 | 798282 |  
j30_11_1.rcp | 300.00177 | 831965 | -1 | 386583 | 300.001 | 657913 | -1 | 574275 |  
j30_11_2.rcp | 0.0203326 | 50 | 56 | 11 | 0.020593 | 50 | 56 | 31 |  
j30_11_3.rcp | 0.0052051 | 19 | 81 | 6 | 0.0053278 | 19 | 81 | 10 |  
j30_11_4.rcp | 0.0089175 | 22 | 63 | 8 | 0.0082641 | 22 | 63 | 11 |  
j30_11_5.rcp | 8.769171 | 44118 | 49 | 9167 | 13.026863 | 33858 | 49 | 64567 |  
j30_11_6.rcp | 0.9846851 | 4489 | 44 | 573 | 0.7903605 | 4489 | 44 | 1504 |  
j30_11_7.rcp | 0.0078995 | 28 | 36 | 2 | 0.0064851 | 28 | 36 | 2 |  
j30_11_8.rcp | 0.0134249 | 32 | 62 | 37 | 0.0121145 | 32 | 62 | 42 |  
j30_11_9.rcp | 0.0057148 | 17 | 67 | 3 | 0.0044355 | 17 | 67 | 10 |  
j30_11_10.rcp | 0.0046044 | 14 | 38 | 3 | 0.0050265 | 14 | 38 | 11 |  
j30_12_1.rcp | 0.0056321 | 12 | 47 | 6 | 0.0033375 | 12 | 47 | 7 |  
j30_12_2.rcp | 0.0027979 | 11 | 46 | 0 | 0.0076034 | 11 | 46 | 3 |  
j30_12_3.rcp | 0.0046204 | 14 | 37 | 3 | 0.0029771 | 14 | 37 | 4 |  
j30_12_4.rcp | 0.0040859 | 12 | 63 | 0 | 0.0028827 | 12 | 63 | 1 |  
j30_12_5.rcp | 0.0028287 | 14 | 47 | 0 | 0.0021178 | 14 | 47 | 0 |  
j30_12_6.rcp | 0.0041771 | 12 | 53 | 0 | 0.0028404 | 12 | 53 | 4 |  
j30_12_7.rcp | 0.0035947 | 14 | 55 | 0 | 0.0031834 | 14 | 55 | 1 |  
j30_12_8.rcp | 0.0034509 | 15 | 35 | 0 | 0.0022605 | 15 | 35 | 0 |  
j30_12_9.rcp | 0.004359 | 11 | 52 | 3 | 0.003539 | 11 | 52 | 4 |  
j30_12_10.rcp | 0.0027354 | 12 | 57 | 0 | 0.0025394 | 12 | 57 | 0 |  
j30_13_1.rcp | 300.00357 | 784468 | -1 | 1036428 | 300.0002 | 506146 | -1 | 1086340 |  
j30_13_2.rcp | 300.0003 | 733167 | -1 | 849574 | 300.0003 | 609618 | -1 | 869710 |  
j30_13_3.rcp | 300.00504 | 765715 | -1 | 807822 | 300.00034 | 305975 | -1 | 913367 |  
j30_13_4.rcp | 300.00067 | 447282 | -1 | 1003614 | 300.00012 | 334094 | -1 | 1017868 |  
j30_13_5.rcp | 300.01492 | 754179 | -1 | 976020 | 300.01205 | 376367 | -1 | 1137520 |  
j30_13_6.rcp | 300.00027 | 639010 | -1 | 783515 | 300.00024 | 561599 | -1 | 922271 |  
j30_13_7.rcp | 300.0007 | 806411 | -1 | 499931 | 300.00034 | 442545 | -1 | 654842 |  
j30_13_8.rcp | 300.00067 | 336087 | -1 | 910787 | 300.00284 | 289398 | -1 | 1053616 |  
j30_13_9.rcp | 300.00064 | 511812 | -1 | 588054 | 300.00073 | 387628 | -1 | 622203 |  
j30_13_10.rcp | 300.00052 | 650520 | -1 | 719496 | 300.0064 | 678195 | -1 | 757905 |  
j30_14_1.rcp | 300.00082 | 688004 | -1 | 217411 | 300.0004 | 701414 | -1 | 463230 |  
j30_14_2.rcp | 300.0132 | 698100 | -1 | 206755 | 300.00034 | 517406 | -1 | 441266 |  
j30_14_3.rcp | 300.00012 | 527577 | -1 | 439900 | 300.0006 | 445124 | -1 | 1180392 |  
j30_14_4.rcp | 300.00546 | 569175 | -1 | 703969 | 300.0079 | 548496 | -1 | 1239059 |  
j30_14_5.rcp | 300.0108 | 755735 | -1 | 26840 | 300.01205 | 739365 | -1 | 267586 |  
j30_14_6.rcp | 300.00864 | 795391 | -1 | 205161 | 300.01886 | 802702 | -1 | 482664 |  
j30_14_7.rcp | 300.0006 | 574571 | -1 | 735894 | 300.00266 | 558057 | -1 | 1614091 |  
j30_14_8.rcp | 0.0287946 | 20 | 54 | 11 | 0.008531 | 20 | 54 | 22 |  
j30_14_9.rcp | 300.0002 | 804207 | -1 | 113607 | 300.0001 | 861636 | -1 | 239166 |  
j30_14_10.rcp | 300.02155 | 583892 | -1 | 210304 | 300.00027 | 616766 | -1 | 287601 |  
j30_15_1.rcp | 0.0159081 | 28 | 46 | 12 | 0.0142784 | 28 | 46 | 32 |  
j30_15_2.rcp | 0.0059541 | 13 | 47 | 0 | 0.0056041 | 13 | 47 | 1 |  
j30_15_3.rcp | 0.0542275 | 123 | 48 | 32 | 0.0455131 | 123 | 48 | 87 |  
j30_15_4.rcp | 0.0068253 | 13 | 48 | 0 | 0.0060052 | 13 | 48 | 1 |  
j30_15_5.rcp | 300.02164 | 674834 | -1 | 388606 | 300.00504 | 674160 | -1 | 653916 |  
j30_15_6.rcp | 0.0251485 | 12 | 67 | 3 | 0.0063993 | 12 | 67 | 7 |  
j30_15_7.rcp | 0.35718277 | 736 | 47 | 298 | 0.322769 | 736 | 47 | 480 |  
j30_15_8.rcp | 0.0274067 | 57 | 50 | 20 | 0.0276895 | 57 | 50 | 46 |  
j30_15_9.rcp | 0.0110247 | 20 | 54 | 12 | 0.0093505 | 20 | 54 | 20 |  
j30_15_10.rcp | 0.0097738 | 12 | 65 | 3 | 0.0050978 | 12 | 65 | 9 |  
j30_16_1.rcp | 0.0052464 | 13 | 51 | 2 | 0.0087958 | 13 | 51 | 4 |  
j30_16_2.rcp | 0.0048428 | 13 | 48 | 1 | 0.0041632 | 13 | 48 | 2 |  
j30_16_3.rcp | 0.0042247 | 12 | 36 | 0 | 0.0033196 | 12 | 36 | 0 |  
j30_16_4.rcp | 0.0054167 | 14 | 47 | 0 | 0.0036315 | 14 | 47 | 0 |  
j30_16_5.rcp | 0.0067947 | 13 | 51 | 0 | 0.0040929 | 13 | 51 | 0 |  
j30_16_6.rcp | 0.0052207 | 13 | 51 | 0 | 0.0036311 | 13 | 51 | 0 |  
j30_16_7.rcp | 0.0049558 | 14 | 34 | 0 | 0.0035217 | 14 | 34 | 0 |  
j30_16_8.rcp | 0.0040993 | 13 | 44 | 0 | 0.002978 | 13 | 44 | 0 |  
j30_16_9.rcp | 0.00489 | 14 | 44 | 0 | 0.0037136 | 14 | 44 | 0 |  
j30_16_10.rcp | 0.0094279 | 12 | 51 | 1 | 0.0065498 | 12 | 51 | 2 |  
j30_17_1.rcp | 300.0145 | 8733108 | -1 | 8052223 | 300.01505 | 7168976 | -1 | 9614111 |  
j30_17_2.rcp | 0.0096659 | 32 | 68 | 10 | 0.0020625 | 32 | 68 | 9 |  
j30_17_3.rcp | 0.0010163 | 14 | 60 | 7 | 0.0010505 | 14 | 60 | 10 |  
j30_17_4.rcp | 0.1893429 | 1959 | 49 | 2118 | 0.1289089 | 1931 | 49 | 1607 |  
j30_17_5.rcp | 100.2544 | 2035343 | 47 | 1655450 | 103.88519 | 2035343 | 47 | 1816438 |  
j30_17_6.rcp | 0.003023 | 18 | 63 | 16 | 0.0010168 | 18 | 63 | 17 |  
j30_17_7.rcp | 300.00644 | 9580302 | -1 | 9226219 | 300.00882 | 8917204 | -1 | 9892019 |  
j30_17_8.rcp | 0.0104535 | 110 | 61 | 40 | 0.0076274 | 110 | 61 | 58 |  
j30_17_9.rcp | 0.002508 | 41 | 48 | 23 | 0.0027684 | 41 | 48 | 23 |  
j30_17_10.rcp | 6.957E-4 | 12 | 66 | 5 | 6.248E-4 | 12 | 66 | 5 |  
j30_18_1.rcp | 0.0017468 | 30 | 53 | 2 | 0.0017445 | 30 | 53 | 2 |  
j30_18_2.rcp | 0.0013841 | 31 | 55 | 5 | 0.0012049 | 31 | 55 | 4 |  
j30_18_3.rcp | 0.0014638 | 22 | 56 | 9 | 0.0016174 | 22 | 56 | 5 |  
j30_18_4.rcp | 0.0025608 | 52 | 70 | 14 | 0.0027541 | 52 | 70 | 14 |  
j30_18_5.rcp | 0.0012651 | 20 | 52 | 8 | 0.0014224 | 20 | 52 | 10 |  
j30_18_6.rcp | 0.0079873 | 136 | 62 | 45 | 0.0075204 | 136 | 62 | 54 |  
j30_18_7.rcp | 0.0012651 | 14 | 48 | 11 | 0.0012927 | 14 | 48 | 14 |  
j30_18_8.rcp | 0.0012259 | 22 | 52 | 3 | 0.0013712 | 22 | 52 | 6 |  
j30_18_9.rcp | 0.0014461 | 19 | 47 | 16 | 0.0018303 | 19 | 47 | 24 |  
j30_18_10.rcp | 15.57651 | 285202 | 49 | 223333 | 14.1341095 | 248606 | 49 | 252521 |  
j30_19_1.rcp | 0.0011712 | 25 | 40 | 3 | 0.0012447 | 25 | 40 | 6 |  
j30_19_2.rcp | 0.0011132 | 15 | 58 | 3 | 0.0010503 | 15 | 58 | 6 |  
j30_19_3.rcp | 8.187E-4 | 15 | 83 | 6 | 8.873E-4 | 15 | 83 | 11 |  
j30_19_4.rcp | 6.744E-4 | 16 | 39 | 5 | 6.413E-4 | 16 | 39 | 6 |  
j30_19_5.rcp | 0.0012269 | 17 | 48 | 8 | 0.0013645 | 17 | 48 | 12 |  
j30_19_6.rcp | 0.0015038 | 24 | 49 | 10 | 0.0017208 | 24 | 49 | 12 |  
j30_19_7.rcp | 0.0017609 | 25 | 57 | 9 | 0.0016394 | 25 | 57 | 8 |  
j30_19_8.rcp | 0.0011605 | 21 | 55 | 5 | 0.0010486 | 21 | 55 | 9 |  
j30_19_9.rcp | 5.629E-4 | 14 | 38 | 2 | 5.754E-4 | 14 | 38 | 3 |  
j30_19_10.rcp | 0.0012242 | 20 | 47 | 4 | 0.0014534 | 20 | 47 | 5 |  
j30_20_1.rcp | 0.0013309 | 15 | 57 | 2 | 8.434E-4 | 15 | 57 | 3 |  
j30_20_2.rcp | 7.809E-4 | 12 | 70 | 3 | 7.981E-4 | 12 | 70 | 4 |  
j30_20_3.rcp | 6.758E-4 | 15 | 49 | 3 | 7.123E-4 | 15 | 49 | 3 |  
j30_20_4.rcp | 6.343E-4 | 14 | 43 | 0 | 7.859E-4 | 14 | 43 | 4 |  
j30_20_5.rcp | 6.667E-4 | 13 | 61 | 5 | 7.44E-4 | 13 | 61 | 6 |  
j30_20_6.rcp | 4.889E-4 | 12 | 51 | 1 | 4.921E-4 | 12 | 51 | 1 |  
j30_20_7.rcp | 5.905E-4 | 11 | 42 | 2 | 6.225E-4 | 11 | 42 | 2 |  
j30_20_8.rcp | 5.852E-4 | 12 | 51 | 1 | 5.601E-4 | 12 | 51 | 1 |  
j30_20_9.rcp | 8.458E-4 | 15 | 41 | 0 | 5.493E-4 | 15 | 41 | 0 |  
j30_20_10.rcp | 7.694E-4 | 15 | 37 | 0 | 8.22E-4 | 15 | 37 | 1 |  
j30_21_1.rcp | 300.01385 | 2496553 | -1 | 2274362 | 300.00006 | 2867240 | -1 | 2106838 |  
j30_21_2.rcp | 300.008 | 1388462 | -1 | 3548089 | 300.01337 | 1284896 | -1 | 2877190 |  
j30_21_3.rcp | 300.00018 | 1132795 | -1 | 2280849 | 300.00067 | 954856 | -1 | 2025120 |  
j30_21_4.rcp | 300.00656 | 4984862 | -1 | 1089823 | 300.0002 | 3897796 | -1 | 1626534 |  
j30_21_5.rcp | 300.01672 | 1472802 | -1 | 2849661 | 300.00623 | 1429302 | -1 | 3015332 |  
j30_21_6.rcp | 300.0111 | 1161424 | -1 | 2125385 | 300.01297 | 1002870 | -1 | 2313456 |  
j30_21_7.rcp | 300.00003 | 1332274 | -1 | 2441220 | 300.0003 | 1328381 | -1 | 2690820 |  
j30_21_8.rcp | 300.0003 | 1477179 | -1 | 1707891 | 300.0002 | 1443066 | -1 | 1690762 |  
j30_21_9.rcp | 300.00012 | 1331415 | -1 | 2977693 | 300.0001 | 1215584 | -1 | 2727548 |  
j30_21_10.rcp | 300.0003 | 1262030 | -1 | 2254204 | 300.00015 | 1036440 | -1 | 2824819 |  
j30_22_1.rcp | 300.00015 | 1988019 | -1 | 1171408 | 300.0003 | 2064491 | -1 | 1836395 |  
j30_22_2.rcp | 0.0145797 | 19 | 45 | 6 | 0.0035827 | 19 | 45 | 6 |  
j30_22_3.rcp | 0.0038502 | 22 | 63 | 2 | 0.0038212 | 22 | 63 | 10 |  
j30_22_4.rcp | 0.0032857 | 16 | 42 | 3 | 0.0031531 | 16 | 42 | 5 |  
j30_22_5.rcp | 0.0068966 | 26 | 52 | 20 | 0.006883 | 26 | 52 | 27 |  
j30_22_6.rcp | 18.385675 | 100821 | 52 | 54060 | 22.226673 | 100821 | 52 | 102419 |  
j30_22_7.rcp | 300.00055 | 1563365 | -1 | 743005 | 300.00012 | 1232865 | -1 | 1438854 |  
j30_22_8.rcp | 300.00052 | 1354578 | -1 | 2347412 | 300.00015 | 1380010 | -1 | 2523954 |  
j30_22_9.rcp | 0.0159593 | 23 | 76 | 4 | 0.0046716 | 23 | 76 | 7 |  
j30_22_10.rcp | 0.0066236 | 34 | 55 | 21 | 0.0075359 | 34 | 55 | 31 |  
j30_23_1.rcp | 0.0045223 | 15 | 63 | 6 | 0.0029051 | 15 | 63 | 7 |  
j30_23_2.rcp | 0.0253593 | 14 | 53 | 1 | 0.0021252 | 14 | 53 | 2 |  
j30_23_3.rcp | 0.002958 | 16 | 46 | 6 | 0.0029204 | 16 | 46 | 9 |  
j30_23_4.rcp | 0.0061436 | 45 | 65 | 8 | 0.0044314 | 45 | 65 | 12 |  
j30_23_5.rcp | 0.0047791 | 24 | 52 | 4 | 0.0048237 | 24 | 52 | 3 |  
j30_23_6.rcp | 0.0036736 | 18 | 48 | 3 | 0.0032004 | 18 | 48 | 6 |  
j30_23_7.rcp | 0.0040066 | 23 | 60 | 5 | 0.0046382 | 23 | 60 | 15 |  
j30_23_8.rcp | 0.0099136 | 45 | 48 | 5 | 0.0081951 | 45 | 48 | 13 |  
j30_23_9.rcp | 0.0051583 | 24 | 63 | 8 | 0.0050175 | 24 | 63 | 10 |  
j30_23_10.rcp | 0.0033759 | 17 | 61 | 4 | 0.0021726 | 17 | 61 | 6 |  
j30_24_1.rcp | 0.0028272 | 15 | 53 | 3 | 0.0019653 | 15 | 53 | 4 |  
j30_24_2.rcp | 0.0039301 | 14 | 58 | 2 | 0.0026227 | 14 | 58 | 4 |  
j30_24_3.rcp | 0.0022584 | 12 | 69 | 2 | 0.0023327 | 12 | 69 | 5 |  
j30_24_4.rcp | 0.0026749 | 16 | 53 | 3 | 0.0022493 | 16 | 53 | 6 |  
j30_24_5.rcp | 0.0024788 | 11 | 51 | 4 | 0.0027776 | 11 | 51 | 5 |  
j30_24_6.rcp | 0.0021105 | 14 | 56 | 1 | 0.0016526 | 14 | 56 | 2 |  
j30_24_7.rcp | 0.0020063 | 13 | 44 | 2 | 0.0018326 | 13 | 44 | 4 |  
j30_24_8.rcp | 0.0028518 | 13 | 38 | 0 | 0.0014914 | 13 | 38 | 0 |  
j30_24_9.rcp | 0.0018071 | 11 | 43 | 1 | 0.0014862 | 11 | 43 | 1 |  
j30_24_10.rcp | 0.0039159 | 13 | 53 | 1 | 0.0020765 | 13 | 53 | 2 |  
j30_25_1.rcp | 300.00095 | 569978 | -1 | 1140810 | 300.0057 | 567413 | -1 | 1050532 |  
j30_25_2.rcp | 300.0001 | 768929 | -1 | 1580640 | 300.00003 | 588183 | -1 | 1302432 |  
j30_25_3.rcp | 300.0001 | 965347 | -1 | 1174219 | 300.00208 | 702872 | -1 | 1646815 |  
j30_25_4.rcp | 300.00076 | 589597 | -1 | 1507167 | 300.0076 | 453219 | -1 | 1493444 |  
j30_25_5.rcp | 300.0006 | 1107550 | -1 | 1703493 | 300.00693 | 777224 | -1 | 1839207 |  
j30_25_6.rcp | 300.00052 | 675082 | -1 | 1830205 | 300.00073 | 628333 | -1 | 1601041 |  
j30_25_7.rcp | 300.00116 | 658011 | -1 | 1459488 | 300.0065 | 657536 | -1 | 1105908 |  
j30_25_8.rcp | 300.0645 | 1004276 | -1 | 960166 | 300.0004 | 723501 | -1 | 1387579 |  
j30_25_9.rcp | 300.00006 | 868301 | -1 | 2309029 | 300.00076 | 1016318 | -1 | 1272647 |  
j30_25_10.rcp | 300.0003 | 663702 | -1 | 1597169 | 300.0005 | 646175 | -1 | 1669674 |  
j30_26_1.rcp | 0.0373497 | 59 | 59 | 55 | 0.0199 | 59 | 59 | 85 |  
j30_26_2.rcp | 0.3163703 | 1385 | 40 | 278 | 0.2586331 | 1385 | 40 | 561 |  
j30_26_3.rcp | 0.0061061 | 14 | 58 | 7 | 0.0057622 | 14 | 58 | 13 |  
j30_26_4.rcp | 0.0628186 | 231 | 62 | 109 | 0.0630094 | 231 | 62 | 280 |  
j30_26_5.rcp | 0.32379982 | 931 | 74 | 893 | 0.3789219 | 931 | 74 | 1096 |  
j30_26_6.rcp | 300.00034 | 1319270 | -1 | 326558 | 300.00006 | 1042156 | -1 | 935720 |  
j30_26_7.rcp | 0.0407599 | 177 | 56 | 27 | 0.0370628 | 177 | 56 | 79 |  
j30_26_8.rcp | 0.0094206 | 24 | 66 | 8 | 0.0084007 | 24 | 66 | 14 |  
j30_26_9.rcp | 300.0006 | 1006238 | -1 | 718153 | 300.00024 | 947928 | -1 | 1349053 |  
j30_26_10.rcp | 0.0126497 | 40 | 49 | 19 | 0.0123813 | 40 | 49 | 25 |  
j30_27_1.rcp | 0.17832819 | 1006 | 43 | 85 | 0.114223 | 970 | 43 | 46 |  
j30_27_2.rcp | 0.0208645 | 68 | 58 | 6 | 0.0279145 | 68 | 58 | 84 |  
j30_27_3.rcp | 0.0044413 | 18 | 60 | 3 | 0.0034652 | 18 | 60 | 3 |  
j30_27_4.rcp | 0.0055108 | 14 | 64 | 12 | 0.0076263 | 14 | 64 | 14 |  
j30_27_5.rcp | 0.0172997 | 36 | 49 | 20 | 0.0124322 | 36 | 49 | 24 |  
j30_27_6.rcp | 0.0034424 | 11 | 59 | 2 | 0.0031146 | 11 | 59 | 5 |  
j30_27_7.rcp | 0.0758136 | 309 | 49 | 119 | 0.0641898 | 309 | 49 | 135 |  
j30_27_8.rcp | 0.0067655 | 18 | 66 | 3 | 0.0052215 | 18 | 66 | 6 |  
j30_27_9.rcp | 0.0052655 | 12 | 55 | 3 | 0.0054196 | 12 | 55 | 5 |  
j30_27_10.rcp | 0.0043049 | 14 | 62 | 2 | 0.0034435 | 14 | 62 | 2 |  
j30_28_1.rcp | 0.0044011 | 14 | 69 | 0 | 0.0039932 | 14 | 69 | 4 |  
j30_28_2.rcp | 0.0040212 | 13 | 57 | 1 | 0.0030507 | 13 | 57 | 3 |  
j30_28_3.rcp | 0.0036304 | 12 | 40 | 2 | 0.0032949 | 12 | 40 | 2 |  
j30_28_4.rcp | 0.004419 | 16 | 49 | 1 | 0.0032779 | 16 | 49 | 1 |  
j30_28_5.rcp | 0.0039239 | 13 | 73 | 0 | 0.0026955 | 13 | 73 | 3 |  
j30_28_6.rcp | 0.0045156 | 16 | 55 | 5 | 0.0039394 | 16 | 55 | 7 |  
j30_28_7.rcp | 0.0028256 | 12 | 48 | 0 | 0.0025857 | 12 | 48 | 1 |  
j30_28_8.rcp | 0.0033959 | 14 | 53 | 1 | 0.0032643 | 14 | 53 | 2 |  
j30_28_9.rcp | 0.0040491 | 14 | 62 | 4 | 0.0033136 | 14 | 62 | 6 |  
j30_28_10.rcp | 0.0040873 | 14 | 59 | 1 | 0.0052629 | 14 | 59 | 2 |  
j30_29_1.rcp | 300.0005 | 606749 | -1 | 1005669 | 300.00522 | 468727 | -1 | 772493 |  
j30_29_2.rcp | 300.0011 | 481673 | -1 | 987955 | 300.00128 | 323775 | -1 | 1006669 |  
j30_29_3.rcp | 300.0001 | 1451190 | -1 | 448100 | 300.00015 | 345644 | -1 | 1113829 |  
j30_29_4.rcp | 300.00012 | 792166 | -1 | 1120578 | 300.0001 | 316985 | -1 | 1038559 |  
j30_29_5.rcp | 300.00034 | 741483 | -1 | 1163674 | 300.00192 | 315545 | -1 | 901781 |  
j30_29_6.rcp | 300.0001 | 951198 | -1 | 785021 | 300.00116 | 343747 | -1 | 1179414 |  
j30_29_7.rcp | 300.00003 | 450149 | -1 | 1214878 | 300.00638 | 279373 | -1 | 980683 |  
j30_29_8.rcp | 300.00787 | 638398 | -1 | 1353869 | 300.01093 | 367323 | -1 | 1490057 |  
j30_29_9.rcp | 300.00064 | 442829 | -1 | 694046 | 300.0112 | 378555 | -1 | 1005242 |  
j30_29_10.rcp | 300.00946 | 374907 | -1 | 1516383 | 300.00128 | 292388 | -1 | 1217738 |  
j30_30_1.rcp | 147.17676 | 218750 | 47 | 200570 | 144.01917 | 200626 | 47 | 230739 |  
j30_30_2.rcp | 300.01053 | 564363 | -1 | 566134 | 300.00583 | 653099 | -1 | 1141046 |  
j30_30_3.rcp | 300.0066 | 641202 | -1 | 321950 | 300.00095 | 636575 | -1 | 812472 |  
j30_30_4.rcp | 223.69933 | 538654 | 53 | 214237 | 229.61577 | 538654 | 53 | 353406 |  
j30_30_5.rcp | 300.00632 | 599602 | -1 | 484923 | 300.01218 | 631572 | -1 | 1086805 |  
j30_30_6.rcp | 300.00528 | 637243 | -1 | 224196 | 300.00012 | 539430 | -1 | 570753 |  
j30_30_7.rcp | 300.00784 | 489987 | -1 | 798003 | 300.0064 | 389931 | -1 | 1001461 |  
j30_30_8.rcp | 300.00867 | 550654 | -1 | 944843 | 300.00067 | 565354 | -1 | 1255515 |  
j30_30_9.rcp | 300.00684 | 824565 | -1 | 123141 | 300.0084 | 784659 | -1 | 437319 |  
j30_30_10.rcp | 300.00198 | 615229 | -1 | 370559 | 300.01184 | 587068 | -1 | 609061 |  
j30_31_1.rcp | 0.0283234 | 12 | 43 | 1 | 0.0078641 | 12 | 43 | 2 |  
j30_31_2.rcp | 0.0067636 | 10 | 63 | 0 | 0.0041411 | 10 | 63 | 0 |  
j30_31_3.rcp | 0.0078737 | 15 | 58 | 1 | 0.0067224 | 15 | 58 | 1 |  
j30_31_4.rcp | 5.001589 | 11974 | 50 | 5622 | 4.0181713 | 11572 | 50 | 11732 |  
j30_31_5.rcp | 2.2198706 | 5169 | 52 | 645 | 2.5919032 | 5169 | 52 | 2135 |  
j30_31_6.rcp | 0.0062803 | 16 | 53 | 5 | 0.0045045 | 16 | 53 | 6 |  
j30_31_7.rcp | 0.0140026 | 21 | 61 | 4 | 0.0120623 | 21 | 61 | 4 |  
j30_31_8.rcp | 0.0086393 | 14 | 58 | 2 | 0.0076613 | 14 | 58 | 10 |  
j30_31_9.rcp | 300.01117 | 664404 | -1 | 424306 | 294.42123 | 694157 | 50 | 645756 |  
j30_31_10.rcp | 300.0065 | 663355 | -1 | 111683 | 300.0112 | 525568 | -1 | 483477 |  
j30_32_1.rcp | 0.0184274 | 17 | 61 | 0 | 0.0053694 | 17 | 61 | 0 |  
j30_32_2.rcp | 0.0055564 | 14 | 60 | 1 | 0.0040229 | 14 | 60 | 2 |  
j30_32_3.rcp | 0.0063333 | 13 | 57 | 1 | 0.0048898 | 13 | 57 | 7 |  
j30_32_4.rcp | 0.0054896 | 15 | 68 | 5 | 0.0044852 | 15 | 68 | 5 |  
j30_32_5.rcp | 0.0060327 | 12 | 54 | 0 | 0.0059629 | 12 | 54 | 2 |  
j30_32_6.rcp | 0.0046616 | 13 | 44 | 1 | 0.0042204 | 13 | 44 | 3 |  
j30_32_7.rcp | 0.0042108 | 15 | 35 | 0 | 0.0032884 | 15 | 35 | 0 |  
j30_32_8.rcp | 0.0059784 | 15 | 54 | 1 | 0.0039763 | 15 | 54 | 2 |  
j30_32_9.rcp | 0.0043395 | 13 | 65 | 0 | 0.004429 | 13 | 65 | 0 |  
j30_32_10.rcp | 0.0047885 | 11 | 51 | 0 | 0.0044824 | 11 | 51 | 1 |  
j30_33_1.rcp | 15.415791 | 478364 | 65 | 272237 | 15.933594 | 478364 | 65 | 348748 |  
j30_33_2.rcp | 0.0038372 | 50 | 60 | 59 | 0.0034742 | 50 | 60 | 72 |  
j30_33_3.rcp | 300.01126 | 4720888 | -1 | 6404613 | 300.00436 | 5823452 | -1 | 8282980 |  
j30_33_4.rcp | 0.0063403 | 17 | 77 | 30 | 0.0014407 | 17 | 77 | 31 |  
j30_33_5.rcp | 300.00003 | 5048249 | -1 | 4734920 | 300.00006 | 4440699 | -1 | 5277129 |  
j30_33_6.rcp | 0.0037172 | 71 | 59 | 59 | 0.0046324 | 71 | 59 | 69 |  
j30_33_7.rcp | 8.273E-4 | 14 | 58 | 6 | 9.698E-4 | 14 | 58 | 10 |  
j30_33_8.rcp | 300.00018 | 6971318 | -1 | 2959812 | 300.00006 | 7711683 | -1 | 2936868 |  
j30_33_9.rcp | 25.811495 | 414092 | 65 | 447818 | 28.624365 | 414092 | 65 | 472563 |  
j30_33_10.rcp | 0.0021848 | 41 | 53 | 7 | 0.0017051 | 41 | 53 | 6 |  
j30_34_1.rcp | 0.0026675 | 27 | 68 | 13 | 0.0020199 | 27 | 68 | 20 |  
j30_34_2.rcp | 0.0011547 | 15 | 44 | 5 | 0.0015542 | 15 | 44 | 8 |  
j30_34_3.rcp | 17.04313 | 535375 | 69 | 268717 | 16.016481 | 535375 | 69 | 268806 |  
j30_34_4.rcp | 9.038E-4 | 15 | 67 | 7 | 9.774E-4 | 15 | 67 | 9 |  
j30_34_5.rcp | 0.001457 | 29 | 63 | 9 | 0.0016249 | 29 | 63 | 10 |  
j30_34_6.rcp | 9.879E-4 | 15 | 52 | 7 | 0.0014893 | 15 | 52 | 10 |  
j30_34_7.rcp | 0.0021983 | 29 | 58 | 6 | 0.0021037 | 29 | 58 | 8 |  
j30_34_8.rcp | 0.0028765 | 56 | 58 | 9 | 0.0034339 | 56 | 58 | 16 |  
j30_34_9.rcp | 9.724E-4 | 14 | 60 | 9 | 0.0043358 | 14 | 60 | 12 |  
j30_34_10.rcp | 5.507E-4 | 10 | 47 | 2 | 8.296E-4 | 10 | 47 | 4 |  
j30_35_1.rcp | 0.0017954 | 35 | 57 | 10 | 0.0020949 | 35 | 57 | 24 |  
j30_35_2.rcp | 6.919E-4 | 13 | 53 | 4 | 6.769E-4 | 13 | 53 | 6 |  
j30_35_3.rcp | 0.0018189 | 18 | 60 | 1 | 0.0010788 | 18 | 60 | 7 |  
j30_35_4.rcp | 0.0012573 | 19 | 50 | 5 | 0.0012359 | 19 | 50 | 5 |  
j30_35_5.rcp | 7.192E-4 | 15 | 60 | 1 | 7.967E-4 | 15 | 60 | 4 |  
j30_35_6.rcp | 0.0012341 | 19 | 58 | 9 | 0.0015914 | 19 | 58 | 9 |  
j30_35_7.rcp | 0.0077049 | 170 | 61 | 67 | 0.0101676 | 170 | 61 | 100 |  
j30_35_8.rcp | 0.0023579 | 21 | 63 | 7 | 0.0020907 | 21 | 63 | 12 |  
j30_35_9.rcp | 0.0016079 | 17 | 59 | 9 | 0.0015547 | 17 | 59 | 9 |  
j30_35_10.rcp | 0.0020345 | 26 | 59 | 4 | 0.00203 | 26 | 59 | 9 |  
j30_36_1.rcp | 6.841E-4 | 14 | 66 | 1 | 6.527E-4 | 14 | 66 | 1 |  
j30_36_2.rcp | 5.269E-4 | 13 | 44 | 2 | 4.765E-4 | 13 | 44 | 2 |  
j30_36_3.rcp | 6.344E-4 | 15 | 61 | 3 | 6.749E-4 | 15 | 61 | 4 |  
j30_36_4.rcp | 5.991E-4 | 15 | 59 | 0 | 6.832E-4 | 15 | 59 | 1 |  
j30_36_5.rcp | 7.129E-4 | 14 | 64 | 2 | 0.0015183 | 14 | 64 | 2 |  
j30_36_6.rcp | 0.0020575 | 15 | 46 | 5 | 7.939E-4 | 15 | 46 | 5 |  
j30_36_7.rcp | 7.165E-4 | 12 | 56 | 0 | 5.247E-4 | 12 | 56 | 1 |  
j30_36_8.rcp | 7.358E-4 | 18 | 63 | 0 | 7.097E-4 | 18 | 63 | 1 |  
j30_36_9.rcp | 7.25E-4 | 15 | 59 | 0 | 7.037E-4 | 15 | 59 | 1 |  
j30_36_10.rcp | 7.04E-4 | 16 | 59 | 3 | 0.0017465 | 16 | 59 | 5 |  
j30_37_1.rcp | 300.0008 | 2137720 | -1 | 1329871 | 300.00006 | 1926975 | -1 | 1672844 |  
j30_37_2.rcp | 300.00555 | 911633 | -1 | 2188805 | 300.0117 | 657659 | -1 | 2620228 |  
j30_37_3.rcp | 300.00006 | 2415162 | -1 | 1466717 | 300.00012 | 2110924 | -1 | 1926228 |  
j30_37_4.rcp | 300.00076 | 1192643 | -1 | 2512209 | 300.00003 | 1128761 | -1 | 2403646 |  
j30_37_5.rcp | 300.00003 | 1752117 | -1 | 2349554 | 300.0001 | 1869916 | -1 | 1965605 |  
j30_37_6.rcp | 300.00018 | 1370581 | -1 | 2161703 | 300.00006 | 1240447 | -1 | 1899870 |  
j30_37_7.rcp | 300.0001 | 1678027 | -1 | 2786012 | 300.00015 | 1816121 | -1 | 2508762 |  
j30_37_8.rcp | 300.00046 | 1080684 | -1 | 2537460 | 300.0002 | 926330 | -1 | 2363830 |  
j30_37_9.rcp | 300.00003 | 2033402 | -1 | 2343873 | 300.00012 | 1897026 | -1 | 3917271 |  
j30_37_10.rcp | 300.00003 | 1305932 | -1 | 2143641 | 300.0006 | 1147477 | -1 | 2267922 |  
j30_38_1.rcp | 300.00006 | 2749777 | -1 | 708111 | 300.00006 | 3211728 | -1 | 1710064 |  
j30_38_2.rcp | 0.022524 | 62 | 54 | 10 | 0.007488 | 50 | 54 | 23 |  
j30_38_3.rcp | 0.0050093 | 28 | 59 | 5 | 0.0054498 | 28 | 59 | 15 |  
j30_38_4.rcp | 0.0087675 | 39 | 59 | 8 | 0.0060954 | 39 | 59 | 16 |  
j30_38_5.rcp | 7.994558 | 31286 | 71 | 26329 | 9.295566 | 31286 | 71 | 50985 |  
j30_38_6.rcp | 0.0023915 | 14 | 63 | 4 | 0.0022731 | 14 | 63 | 5 |  
j30_38_7.rcp | 114.98951 | 735526 | 65 | 124793 | 112.583626 | 735526 | 65 | 267566 |  
j30_38_8.rcp | 0.0096151 | 46 | 61 | 16 | 0.0102917 | 46 | 61 | 19 |  
j30_38_9.rcp | 0.0180193 | 95 | 63 | 45 | 0.0188803 | 95 | 63 | 54 |  
j30_38_10.rcp | 0.0071295 | 37 | 60 | 12 | 0.0070711 | 37 | 60 | 24 |  
j30_39_1.rcp | 0.0050864 | 36 | 55 | 4 | 0.0105206 | 36 | 55 | 19 |  
j30_39_2.rcp | 0.0039742 | 28 | 54 | 9 | 0.0038524 | 28 | 54 | 13 |  
j30_39_3.rcp | 0.0032464 | 15 | 54 | 3 | 0.0035027 | 15 | 54 | 9 |  
j30_39_4.rcp | 0.0040971 | 28 | 53 | 2 | 0.0046946 | 28 | 53 | 11 |  
j30_39_5.rcp | 0.0016462 | 8 | 55 | 1 | 0.0017813 | 8 | 55 | 5 |  
j30_39_6.rcp | 300.0007 | 1918743 | -1 | 587482 | 300.0001 | 2330450 | -1 | 999543 |  
j30_39_7.rcp | 0.0094869 | 43 | 56 | 13 | 0.0068993 | 43 | 56 | 18 |  
j30_39_8.rcp | 0.0020261 | 14 | 67 | 3 | 0.0017971 | 14 | 67 | 4 |  
j30_39_9.rcp | 0.0058624 | 26 | 64 | 5 | 0.0053126 | 26 | 64 | 8 |  
j30_39_10.rcp | 0.0047639 | 23 | 60 | 5 | 0.0053091 | 23 | 60 | 10 |  
j30_40_1.rcp | 0.0020557 | 16 | 51 | 2 | 0.0021281 | 16 | 51 | 4 |  
j30_40_2.rcp | 0.0018333 | 15 | 56 | 1 | 0.0016063 | 15 | 56 | 1 |  
j30_40_3.rcp | 0.0021088 | 15 | 57 | 1 | 0.0017713 | 15 | 57 | 1 |  
j30_40_4.rcp | 0.0018015 | 14 | 57 | 0 | 0.0015422 | 14 | 57 | 0 |  
j30_40_5.rcp | 0.0015925 | 14 | 65 | 0 | 0.0014147 | 14 | 65 | 3 |  
j30_40_6.rcp | 0.0020629 | 11 | 60 | 1 | 0.001654 | 11 | 60 | 2 |  
j30_40_7.rcp | 0.0017523 | 13 | 46 | 0 | 0.0015217 | 13 | 46 | 0 |  
j30_40_8.rcp | 0.0021144 | 17 | 57 | 2 | 0.0017659 | 17 | 57 | 2 |  
j30_40_9.rcp | 0.0021182 | 15 | 64 | 2 | 0.0018223 | 15 | 64 | 2 |  
j30_40_10.rcp | 0.0020196 | 13 | 51 | 1 | 0.0018498 | 13 | 51 | 1 |  
j30_41_1.rcp | 300.00833 | 786761 | -1 | 1222340 | 300.0055 | 782398 | -1 | 1234579 |  
j30_41_2.rcp | 300.00116 | 822035 | -1 | 1670767 | 300.00595 | 593782 | -1 | 1186891 |  
j30_41_3.rcp | 300.00473 | 563819 | -1 | 1413580 | 300.00375 | 432239 | -1 | 1669115 |  
j30_41_4.rcp | 300.00006 | 922372 | -1 | 1200376 | 300.00034 | 721765 | -1 | 1363422 |  
j30_41_5.rcp | 300.0003 | 1567590 | -1 | 1378897 | 300.0004 | 652169 | -1 | 1536064 |  
j30_41_6.rcp | 300.00113 | 660296 | -1 | 2264178 | 300.0075 | 589867 | -1 | 1226483 |  
j30_41_7.rcp | 300.00107 | 932782 | -1 | 1239714 | 300.00073 | 606210 | -1 | 1342854 |  
j30_41_8.rcp | 300.00198 | 828916 | -1 | 2055947 | 300.00143 | 703630 | -1 | 1828731 |  
j30_41_9.rcp | 300.00006 | 642161 | -1 | 1414417 | 300.00015 | 593607 | -1 | 1495240 |  
j30_41_10.rcp | 300.0003 | 1099143 | -1 | 1702438 | 300.00003 | 826568 | -1 | 1414122 |  
j30_42_1.rcp | 0.1409524 | 344 | 58 | 119 | 0.1163869 | 344 | 58 | 248 |  
j30_42_2.rcp | 112.82954 | 330639 | 50 | 332188 | 119.59603 | 330639 | 50 | 594158 |  
j30_42_3.rcp | 300.00543 | 905538 | -1 | 705119 | 300.0058 | 733656 | -1 | 1247642 |  
j30_42_4.rcp | 300.00925 | 768815 | -1 | 417125 | 300.00027 | 919518 | -1 | 694501 |  
j30_42_5.rcp | 0.0127182 | 11 | 52 | 1 | 0.0027601 | 11 | 52 | 1 |  
j30_42_6.rcp | 300.00006 | 931502 | -1 | 476623 | 300.00064 | 922726 | -1 | 1201178 |  
j30_42_7.rcp | 0.0103959 | 18 | 66 | 10 | 0.0057235 | 18 | 66 | 13 |  
j30_42_8.rcp | 300.0001 | 677349 | -1 | 823779 | 300.00003 | 614154 | -1 | 1052246 |  
j30_42_9.rcp | 300.00018 | 985627 | -1 | 807382 | 300.0007 | 1023851 | -1 | 1674357 |  
j30_42_10.rcp | 0.0364608 | 22 | 75 | 16 | 0.0068241 | 22 | 75 | 16 |  
j30_43_1.rcp | 300.00006 | 1110342 | -1 | 499497 | 300.00046 | 1050833 | -1 | 1330868 |  
j30_43_2.rcp | 0.0141174 | 19 | 43 | 3 | 0.0050362 | 19 | 43 | 4 |  
j30_43_3.rcp | 123.890015 | 429005 | 57 | 45829 | 128.6189 | 429005 | 57 | 100871 |  
j30_43_4.rcp | 0.0119697 | 15 | 67 | 6 | 0.0127115 | 15 | 67 | 12 |  
j30_43_5.rcp | 0.102731 | 149 | 64 | 159 | 0.047105 | 149 | 64 | 138 |  
j30_43_6.rcp | 5.1987014 | 12670 | 58 | 5176 | 4.5578685 | 12670 | 58 | 7032 |  
j30_43_7.rcp | 0.0047821 | 14 | 52 | 6 | 0.0038453 | 14 | 52 | 8 |  
j30_43_8.rcp | 0.3877879 | 1270 | 62 | 199 | 0.2743073 | 1270 | 62 | 344 |  
j30_43_9.rcp | 3.244227 | 10421 | 57 | 7342 | 2.812984 | 10411 | 57 | 7368 |  
j30_43_10.rcp | 0.0461667 | 93 | 60 | 101 | 0.0402013 | 93 | 60 | 129 |  
j30_44_1.rcp | 0.0044751 | 13 | 50 | 0 | 0.0030296 | 13 | 50 | 2 |  
j30_44_2.rcp | 0.0043036 | 13 | 54 | 3 | 0.0036162 | 13 | 54 | 3 |  
j30_44_3.rcp | 0.0033987 | 17 | 51 | 1 | 0.0026808 | 17 | 51 | 1 |  
j30_44_4.rcp | 0.0040035 | 11 | 57 | 2 | 0.0026086 | 11 | 57 | 2 |  
j30_44_5.rcp | 0.0030553 | 14 | 55 | 1 | 0.0023164 | 14 | 55 | 1 |  
j30_44_6.rcp | 0.0030275 | 14 | 56 | 1 | 0.0024469 | 14 | 56 | 1 |  
j30_44_7.rcp | 0.0033785 | 13 | 42 | 1 | 0.0027205 | 13 | 42 | 1 |  
j30_44_8.rcp | 0.0029059 | 8 | 49 | 2 | 0.0022725 | 8 | 49 | 3 |  
j30_44_9.rcp | 0.0030666 | 15 | 64 | 0 | 0.0027286 | 15 | 64 | 0 |  
j30_44_10.rcp | 0.0032714 | 13 | 63 | 1 | 0.0024415 | 13 | 63 | 1 |  
j30_45_1.rcp | 300.00623 | 483823 | -1 | 1444020 | 300.00153 | 351818 | -1 | 1199007 |  
j30_45_2.rcp | 300.0003 | 638128 | -1 | 806055 | 300.00052 | 399579 | -1 | 845920 |  
j30_45_3.rcp | 300.01263 | 380177 | -1 | 1181185 | 300.00302 | 295542 | -1 | 1068437 |  
j30_45_4.rcp | 300.01413 | 443355 | -1 | 1243477 | 300.001 | 346955 | -1 | 1301484 |  
j30_45_5.rcp | 300.0014 | 526908 | -1 | 1524362 | 300.00577 | 434676 | -1 | 1397289 |  
j30_45_6.rcp | 300.01074 | 503502 | -1 | 1263638 | 300.00223 | 331741 | -1 | 903270 |  
j30_45_7.rcp | 300.0135 | 394947 | -1 | 1967764 | 300.0032 | 340799 | -1 | 1273290 |  
j30_45_8.rcp | 300.4738 | 358074 | -1 | 897472 | 300.15042 | 301152 | -1 | 889393 |  
j30_45_9.rcp | 300.00406 | 356523 | -1 | 758311 | 300.01227 | 343864 | -1 | 883404 |  
j30_45_10.rcp | 300.01172 | 506338 | -1 | 1409508 | 300.01044 | 338515 | -1 | 1006535 |  
j30_46_1.rcp | 300.01083 | 484347 | -1 | 648602 | 300.00955 | 559995 | -1 | 1051157 |  
j30_46_2.rcp | 300.01096 | 560759 | -1 | 570175 | 300.01193 | 605659 | -1 | 963586 |  
j30_46_3.rcp | 300.0129 | 571434 | -1 | 402913 | 300.00977 | 490969 | -1 | 1082770 |  
j30_46_4.rcp | 300.00812 | 649525 | -1 | 373127 | 300.0054 | 613696 | -1 | 577296 |  
j30_46_5.rcp | 0.07215 | 131 | 57 | 21 | 0.0567914 | 131 | 57 | 86 |  
j30_46_6.rcp | 300.00018 | 581019 | -1 | 341933 | 300.0005 | 589727 | -1 | 579337 |  
j30_46_7.rcp | 300.00906 | 526460 | -1 | 722302 | 300.0005 | 491728 | -1 | 960235 |  
j30_46_8.rcp | 300.00946 | 704937 | -1 | 251145 | 300.00726 | 680243 | -1 | 976926 |  
j30_46_9.rcp | 300.00095 | 542687 | -1 | 642262 | 300.00888 | 506821 | -1 | 1146724 |  
j30_46_10.rcp | 300.01266 | 620447 | -1 | 429835 | 300.0091 | 591295 | -1 | 711824 |  
j30_47_1.rcp | 0.0213455 | 14 | 58 | 5 | 0.0056196 | 14 | 58 | 6 |  
j30_47_2.rcp | 0.0074767 | 17 | 59 | 4 | 0.0058423 | 17 | 59 | 4 |  
j30_47_3.rcp | 0.0161781 | 38 | 55 | 4 | 0.0189997 | 38 | 55 | 8 |  
j30_47_4.rcp | 0.0105567 | 22 | 49 | 1 | 0.0104412 | 22 | 49 | 9 |  
j30_47_5.rcp | 4.8840337 | 11169 | 47 | 2191 | 4.352445 | 11169 | 47 | 3201 |  
j30_47_6.rcp | 60.97252 | 142191 | 53 | 32811 | 11.171381 | 23797 | 53 | 10941 |  
j30_47_7.rcp | 174.12344 | 383995 | 66 | 39913 | 168.57913 | 383995 | 66 | 78542 |  
j30_47_8.rcp | 0.0095913 | 12 | 48 | 1 | 0.0041772 | 12 | 48 | 1 |  
j30_47_9.rcp | 0.0068919 | 13 | 65 | 5 | 0.0073438 | 13 | 65 | 9 |  
j30_47_10.rcp | 300.00143 | 644711 | -1 | 797005 | 300.01144 | 802051 | -1 | 1136735 |  
j30_48_1.rcp | 0.0137724 | 14 | 63 | 0 | 0.003467 | 14 | 63 | 0 |  
j30_48_2.rcp | 0.0047594 | 15 | 54 | 0 | 0.0038037 | 15 | 54 | 0 |  
j30_48_3.rcp | 0.0048215 | 15 | 50 | 2 | 0.0039223 | 15 | 50 | 2 |  
j30_48_4.rcp | 0.0057498 | 16 | 57 | 0 | 0.0045495 | 16 | 57 | 2 |  
j30_48_5.rcp | 0.0062098 | 15 | 58 | 0 | 0.0043535 | 15 | 58 | 0 |  
j30_48_6.rcp | 0.0045438 | 14 | 58 | 0 | 0.0032549 | 14 | 58 | 1 |  
j30_48_7.rcp | 0.0059634 | 14 | 55 | 1 | 0.004605 | 14 | 55 | 1 |  
j30_48_8.rcp | 0.0050292 | 13 | 44 | 1 | 0.0037048 | 13 | 44 | 1 |  
j30_48_9.rcp | 0.0050364 | 13 | 59 | 0 | 0.0037709 | 13 | 59 | 0 |  
j30_48_10.rcp | 0.0050859 | 13 | 54 | 0 | 0.003789 | 13 | 54 | 1 |  
95.91722 | 415847.62 | 448716.7 | 95.80628 | 371363.22 | 505251.38 |  

2020-05-28
 00:16:28.757478200
Data/J30/ 
  BRANCHEMENT STATIQUE 
Inst |old_time |old_backt |makespan |old_prop |new_time |new_backt |makespan |new_prop|  
j30_1_1.rcp | 0.042573 | 24 | 43 | 10 | 0.0307641 | 24 | 43 | 13 |  
j30_1_2.rcp | 1.6868507 | 18521 | 47 | 22212 | 1.2314973 | 18521 | 47 | 31208 |  
j30_1_3.rcp | 0.0034071 | 38 | 47 | 20 | 0.0025379 | 38 | 47 | 22 |  
j30_1_4.rcp | 300.00714 | 13382517 | -1 | 159769 | 300.00012 | 9558295 | -1 | 337649 |  
j30_1_5.rcp | 24.95075 | 408767 | 39 | 558343 | 25.884117 | 404136 | 39 | 559150 |  
j30_1_6.rcp | 2.350333 | 33674 | 48 | 31766 | 3.0955179 | 33674 | 48 | 35284 |  
j30_1_7.rcp | 0.0011974 | 17 | 60 | 6 | 0.0022851 | 17 | 60 | 12 |  
j30_1_8.rcp | 0.0013702 | 13 | 53 | 10 | 0.0019178 | 13 | 53 | 13 |  
j30_1_9.rcp | 192.71027 | 4518508 | 49 | 3895850 | 171.30862 | 3411082 | 49 | 3329992 |  
j30_1_10.rcp | 0.0102978 | 70 | 45 | 123 | 0.0070562 | 70 | 45 | 114 |  
j30_2_1.rcp | 0.0025929 | 23 | 38 | 21 | 0.0021688 | 23 | 38 | 28 |  
j30_2_2.rcp | 0.0020764 | 26 | 51 | 7 | 0.0020011 | 26 | 51 | 10 |  
j30_2_3.rcp | 0.0011013 | 14 | 43 | 1 | 0.0012529 | 14 | 43 | 1 |  
j30_2_4.rcp | 0.0012758 | 19 | 43 | 4 | 0.0012855 | 19 | 43 | 5 |  
j30_2_5.rcp | 0.0017053 | 37 | 51 | 6 | 0.002159 | 37 | 51 | 15 |  
j30_2_6.rcp | 0.0015125 | 21 | 47 | 6 | 0.0012825 | 21 | 47 | 9 |  
j30_2_7.rcp | 7.846E-4 | 13 | 47 | 5 | 9.843E-4 | 13 | 47 | 8 |  
j30_2_8.rcp | 0.0019302 | 20 | 54 | 12 | 0.0019017 | 20 | 54 | 19 |  
j30_2_9.rcp | 0.0020382 | 20 | 54 | 13 | 0.0042147 | 20 | 54 | 18 |  
j30_2_10.rcp | 0.0039028 | 78 | 43 | 41 | 0.0042938 | 78 | 43 | 67 |  
j30_3_1.rcp | 9.166E-4 | 13 | 72 | 4 | 0.0012895 | 13 | 72 | 5 |  
j30_3_2.rcp | 0.0012463 | 18 | 40 | 2 | 0.0010752 | 18 | 40 | 6 |  
j30_3_3.rcp | 8.221E-4 | 15 | 57 | 4 | 8.51E-4 | 15 | 57 | 8 |  
j30_3_4.rcp | 0.0014656 | 15 | 98 | 7 | 0.0015415 | 15 | 98 | 8 |  
j30_3_5.rcp | 0.0023355 | 31 | 53 | 8 | 0.0018675 | 31 | 53 | 9 |  
j30_3_6.rcp | 0.0010385 | 19 | 54 | 1 | 0.0021471 | 19 | 54 | 5 |  
j30_3_7.rcp | 8.531E-4 | 16 | 48 | 3 | 9.232E-4 | 16 | 48 | 6 |  
j30_3_8.rcp | 7.699E-4 | 13 | 54 | 2 | 9.709E-4 | 13 | 54 | 3 |  
j30_3_9.rcp | 0.0046878 | 87 | 65 | 20 | 0.0072657 | 87 | 65 | 30 |  
j30_3_10.rcp | 0.0015463 | 18 | 59 | 5 | 0.0017784 | 18 | 59 | 9 |  
j30_4_1.rcp | 7.227E-4 | 13 | 49 | 1 | 7.393E-4 | 13 | 49 | 2 |  
j30_4_2.rcp | 0.0013384 | 16 | 60 | 3 | 8.897E-4 | 16 | 60 | 4 |  
j30_4_3.rcp | 0.0014142 | 13 | 47 | 2 | 0.001316 | 13 | 47 | 5 |  
j30_4_4.rcp | 0.0013058 | 12 | 57 | 0 | 0.0012773 | 12 | 57 | 2 |  
j30_4_5.rcp | 0.0015005 | 14 | 59 | 5 | 0.0015 | 14 | 59 | 5 |  
j30_4_6.rcp | 0.0013784 | 12 | 45 | 3 | 0.0012326 | 12 | 45 | 4 |  
j30_4_7.rcp | 0.0020194 | 11 | 56 | 2 | 0.0011346 | 11 | 56 | 2 |  
j30_4_8.rcp | 0.0011915 | 13 | 55 | 0 | 0.0010667 | 13 | 55 | 0 |  
j30_4_9.rcp | 0.0022064 | 10 | 38 | 4 | 0.0013044 | 10 | 38 | 4 |  
j30_4_10.rcp | 0.0010397 | 11 | 48 | 3 | 0.0012151 | 11 | 48 | 3 |  
j30_5_1.rcp | 300.0004 | 1791697 | -1 | 1846439 | 300.00046 | 1490357 | -1 | 2229604 |  
j30_5_2.rcp | 300.00015 | 1399698 | -1 | 2856801 | 300.00006 | 1214443 | -1 | 2290983 |  
j30_5_3.rcp | 300.0002 | 844544 | -1 | 2620793 | 300.0001 | 786982 | -1 | 2299237 |  
j30_5_4.rcp | 300.00006 | 1675274 | -1 | 1875465 | 300.0002 | 1795902 | -1 | 2188389 |  
j30_5_5.rcp | 300.0006 | 1440098 | -1 | 2485374 | 300.0004 | 1452018 | -1 | 1947610 |  
j30_5_6.rcp | 300.00006 | 1602435 | -1 | 2539196 | 300.00006 | 1626180 | -1 | 2218325 |  
j30_5_7.rcp | 300.00052 | 1599399 | -1 | 2674159 | 300.00006 | 1729313 | -1 | 2157147 |  
j30_5_8.rcp | 300.00003 | 1747827 | -1 | 2414742 | 300.0004 | 1461286 | -1 | 2374126 |  
j30_5_9.rcp | 300.0001 | 1240665 | -1 | 1399442 | 300.00006 | 1204724 | -1 | 1602036 |  
j30_5_10.rcp | 300.00073 | 1140051 | -1 | 2521099 | 300.0003 | 964332 | -1 | 2691346 |  
j30_6_1.rcp | 300.0001 | 1837380 | -1 | 616874 | 300.00073 | 1673796 | -1 | 1174558 |  
j30_6_2.rcp | 300.00015 | 1445160 | -1 | 1223530 | 300.00095 | 1127280 | -1 | 2682202 |  
j30_6_3.rcp | 10.706871 | 65774 | 48 | 11210 | 14.363263 | 65774 | 48 | 44559 |  
j30_6_4.rcp | 300.00012 | 1844414 | -1 | 959867 | 300.00012 | 1722179 | -1 | 2258053 |  
j30_6_5.rcp | 300.00003 | 1734529 | -1 | 714416 | 300.00006 | 1512587 | -1 | 1337551 |  
j30_6_6.rcp | 0.0044115 | 19 | 37 | 17 | 0.0042686 | 19 | 37 | 21 |  
j30_6_7.rcp | 0.0046694 | 22 | 46 | 12 | 0.0050104 | 22 | 46 | 25 |  
j30_6_8.rcp | 0.0050608 | 32 | 39 | 7 | 0.0043593 | 20 | 39 | 14 |  
j30_6_9.rcp | 0.0036041 | 19 | 51 | 4 | 0.0039233 | 19 | 51 | 15 |  
j30_6_10.rcp | 300.0002 | 1713880 | -1 | 1374468 | 300.0004 | 1743289 | -1 | 1821852 |  
j30_7_1.rcp | 0.002984 | 16 | 55 | 1 | 0.0025705 | 16 | 55 | 1 |  
j30_7_2.rcp | 0.0027138 | 16 | 42 | 3 | 0.0021384 | 16 | 42 | 3 |  
j30_7_3.rcp | 0.0032724 | 18 | 42 | 3 | 0.003304 | 18 | 42 | 7 |  
j30_7_4.rcp | 0.0030026 | 19 | 44 | 4 | 0.002833 | 19 | 44 | 5 |  
j30_7_5.rcp | 0.0070901 | 44 | 44 | 4 | 0.0068521 | 44 | 44 | 8 |  
j30_7_6.rcp | 0.002144 | 17 | 35 | 1 | 0.0015883 | 13 | 35 | 3 |  
j30_7_7.rcp | 0.0029426 | 12 | 50 | 5 | 0.0035167 | 12 | 50 | 12 |  
j30_7_8.rcp | 0.0055597 | 27 | 44 | 18 | 0.0060886 | 27 | 44 | 29 |  
j30_7_9.rcp | 0.0049435 | 23 | 60 | 4 | 0.0045643 | 23 | 60 | 6 |  
j30_7_10.rcp | 14.093091 | 153428 | 49 | 2396 | 15.231211 | 153428 | 49 | 8783 |  
j30_8_1.rcp | 0.0011954 | 11 | 44 | 0 | 0.0010441 | 11 | 44 | 0 |  
j30_8_2.rcp | 0.0014334 | 13 | 51 | 0 | 0.001316 | 13 | 51 | 0 |  
j30_8_3.rcp | 0.001602 | 14 | 53 | 0 | 0.001382 | 14 | 53 | 1 |  
j30_8_4.rcp | 0.0021754 | 16 | 48 | 1 | 0.0018152 | 16 | 48 | 2 |  
j30_8_5.rcp | 0.0018796 | 15 | 58 | 0 | 0.0016854 | 15 | 58 | 1 |  
j30_8_6.rcp | 0.0019366 | 13 | 47 | 0 | 0.001674 | 13 | 47 | 3 |  
j30_8_7.rcp | 0.0017308 | 11 | 41 | 0 | 0.001455 | 11 | 41 | 1 |  
j30_8_8.rcp | 0.0022138 | 15 | 51 | 2 | 0.0019033 | 15 | 51 | 3 |  
j30_8_9.rcp | 0.0021884 | 15 | 39 | 0 | 0.0020208 | 15 | 39 | 0 |  
j30_8_10.rcp | 0.0027886 | 14 | 67 | 1 | 0.0018609 | 14 | 67 | 1 |  
j30_9_1.rcp | 300.0001 | 622586 | -1 | 1630985 | 300.0002 | 472749 | -1 | 1447810 |  
j30_9_2.rcp | 300.0007 | 733384 | -1 | 1393685 | 300.0001 | 479881 | -1 | 1320533 |  
j30_9_3.rcp | 300.00107 | 521420 | -1 | 1872602 | 300.0001 | 368644 | -1 | 1597438 |  
j30_9_4.rcp | 300.0008 | 597665 | -1 | 1184286 | 300.003 | 338028 | -1 | 1330659 |  
j30_9_5.rcp | 300.00034 | 586293 | -1 | 812682 | 300.0008 | 465994 | -1 | 678211 |  
j30_9_6.rcp | 300.00034 | 701853 | -1 | 1624922 | 300.00253 | 539192 | -1 | 1320901 |  
j30_9_7.rcp | 300.0001 | 1103739 | -1 | 1911663 | 300.0003 | 900230 | -1 | 1583055 |  
j30_9_8.rcp | 300.00076 | 516328 | -1 | 1495104 | 300.00195 | 344722 | -1 | 1232813 |  
j30_9_9.rcp | 300.00024 | 802378 | -1 | 2041633 | 300.00006 | 487240 | -1 | 1554366 |  
j30_9_10.rcp | 300.00067 | 837554 | -1 | 1320928 | 300.00143 | 442978 | -1 | 1218610 |  
j30_10_1.rcp | 0.005214999 | 16 | 42 | 3 | 0.0050285 | 16 | 42 | 6 |  
j30_10_2.rcp | 300.00015 | 760436 | -1 | 561322 | 300.00104 | 717526 | -1 | 852969 |  
j30_10_3.rcp | 24.103893 | 57942 | 62 | 49208 | 28.240068 | 57870 | 62 | 98846 |  
j30_10_4.rcp | 300.00018 | 1142812 | -1 | 165661 | 300.00012 | 954422 | -1 | 600986 |  
j30_10_5.rcp | 2.746664 | 9858 | 41 | 5586 | 2.6682298 | 9730 | 41 | 13150 |  
j30_10_6.rcp | 8.856521 | 22312 | 44 | 14118 | 10.274793 | 22312 | 44 | 24422 |  
j30_10_7.rcp | 0.0658079 | 230 | 49 | 26 | 0.0524644 | 230 | 49 | 130 |  
j30_10_8.rcp | 167.221 | 514107 | 54 | 55224 | 184.0737 | 514107 | 54 | 113674 |  
j30_10_9.rcp | 0.0101601 | 38 | 49 | 20 | 0.008992301 | 38 | 49 | 27 |  
j30_10_10.rcp | 300.00006 | 881385 | -1 | 683174 | 300.00012 | 848943 | -1 | 774900 |  
j30_11_1.rcp | 300.0002 | 811075 | -1 | 376863 | 300.00034 | 590660 | -1 | 516200 |  
j30_11_2.rcp | 0.0182581 | 50 | 56 | 11 | 0.0200042 | 50 | 56 | 31 |  
j30_11_3.rcp | 0.005270399 | 19 | 81 | 6 | 0.004444399 | 19 | 81 | 10 |  
j30_11_4.rcp | 0.0087671 | 22 | 63 | 8 | 0.0078301 | 22 | 63 | 11 |  
j30_11_5.rcp | 8.99733 | 44118 | 49 | 9167 | 13.819775 | 33858 | 49 | 64562 |  
j30_11_6.rcp | 0.97734505 | 4489 | 44 | 573 | 0.79203236 | 4489 | 44 | 1504 |  
j30_11_7.rcp | 0.007822601 | 28 | 36 | 2 | 0.006655401 | 28 | 36 | 2 |  
j30_11_8.rcp | 0.0132938 | 32 | 62 | 37 | 0.0122844 | 32 | 62 | 42 |  
j30_11_9.rcp | 0.005529601 | 17 | 67 | 3 | 0.004470499 | 17 | 67 | 10 |  
j30_11_10.rcp | 0.004440601 | 14 | 38 | 3 | 0.004322401 | 14 | 38 | 11 |  
j30_12_1.rcp | 0.0042019 | 12 | 47 | 6 | 0.0034079 | 12 | 47 | 7 |  
j30_12_2.rcp | 0.002839599 | 11 | 46 | 0 | 0.0024961 | 11 | 46 | 3 |  
j30_12_3.rcp | 0.0036861 | 14 | 37 | 3 | 0.003005299 | 14 | 37 | 4 |  
j30_12_4.rcp | 0.003550599 | 12 | 63 | 0 | 0.0027282 | 12 | 63 | 1 |  
j30_12_5.rcp | 0.0028225 | 14 | 47 | 0 | 0.0021838 | 14 | 47 | 0 |  
j30_12_6.rcp | 0.003388199 | 12 | 53 | 0 | 0.0028108 | 12 | 53 | 4 |  
j30_12_7.rcp | 0.0047758 | 14 | 55 | 0 | 0.0031405 | 14 | 55 | 1 |  
j30_12_8.rcp | 0.002926699 | 15 | 35 | 0 | 0.0023672 | 15 | 35 | 0 |  
j30_12_9.rcp | 0.0045055 | 11 | 52 | 3 | 0.003713201 | 11 | 52 | 4 |  
j30_12_10.rcp | 0.0028273 | 12 | 57 | 0 | 0.0020617 | 12 | 57 | 0 |  
j30_13_1.rcp | 300.00098 | 777395 | -1 | 1021446 | 300.00076 | 484610 | -1 | 1046406 |  
j30_13_2.rcp | 300.00037 | 696666 | -1 | 817050 | 300.00027 | 563040 | -1 | 816495 |  
j30_13_3.rcp | 300.00272 | 732576 | -1 | 760220 | 300.00058 | 294016 | -1 | 873107 |  
j30_13_4.rcp | 300.00095 | 442300 | -1 | 991640 | 300.00027 | 314651 | -1 | 1029625 |  
j30_13_5.rcp | 300.00012 | 749809 | -1 | 971201 | 300.00027 | 365141 | -1 | 1103812 |  
j30_13_6.rcp | 300.00024 | 629139 | -1 | 764548 | 300.00113 | 536605 | -1 | 895967 |  
j30_13_7.rcp | 300.0011 | 787992 | -1 | 488224 | 300.0001 | 381326 | -1 | 659021 |  
j30_13_8.rcp | 300.0009 | 326892 | -1 | 884402 | 300.0002 | 268896 | -1 | 1009923 |  
j30_13_9.rcp | 300.0002 | 497555 | -1 | 573063 | 300.00058 | 361516 | -1 | 578178 |  
j30_13_10.rcp | 300.0001 | 637657 | -1 | 707961 | 300.00003 | 644266 | -1 | 638466 |  
j30_14_1.rcp | 300.00024 | 676801 | -1 | 213975 | 300.0001 | 666592 | -1 | 441693 |  
j30_14_2.rcp | 300.00027 | 678749 | -1 | 201944 | 300.00076 | 493051 | -1 | 421662 |  
j30_14_3.rcp | 300.0006 | 512115 | -1 | 429561 | 300.00046 | 415958 | -1 | 1131449 |  
j30_14_4.rcp | 300.00003 | 557106 | -1 | 690237 | 300.001 | 527103 | -1 | 1199657 |  
j30_14_5.rcp | 300.00107 | 724195 | -1 | 25776 | 300.00082 | 666985 | -1 | 240837 |  
j30_14_6.rcp | 300.00027 | 766786 | -1 | 197325 | 300.00034 | 801037 | -1 | 480174 |  
j30_14_7.rcp | 300.0005 | 554762 | -1 | 709916 | 300.00006 | 528941 | -1 | 1574493 |  
j30_14_8.rcp | 0.0151389 | 20 | 54 | 11 | 0.0095521 | 20 | 54 | 22 |  
j30_14_9.rcp | 300.00003 | 774610 | -1 | 109542 | 300.00006 | 808668 | -1 | 214899 |  
j30_14_10.rcp | 300.00034 | 573978 | -1 | 206705 | 300.00006 | 541322 | -1 | 252402 |  
j30_15_1.rcp | 0.0127411 | 28 | 46 | 12 | 0.012050301 | 28 | 46 | 19 |  
j30_15_2.rcp | 0.005863799 | 13 | 47 | 0 | 0.0049695 | 13 | 47 | 1 |  
j30_15_3.rcp | 0.0495127 | 123 | 48 | 32 | 0.0408478 | 123 | 48 | 87 |  
j30_15_4.rcp | 0.0050784 | 13 | 48 | 0 | 0.0035402 | 13 | 48 | 1 |  
j30_15_5.rcp | 300.00006 | 664897 | -1 | 383000 | 300.00046 | 630247 | -1 | 630740 |  
j30_15_6.rcp | 0.00717 | 12 | 67 | 3 | 0.0063424 | 12 | 67 | 7 |  
j30_15_7.rcp | 0.3628615 | 736 | 47 | 298 | 0.30139643 | 736 | 47 | 486 |  
j30_15_8.rcp | 0.0266935 | 57 | 50 | 20 | 0.0274575 | 57 | 50 | 46 |  
j30_15_9.rcp | 0.010592799 | 20 | 54 | 12 | 0.0097596 | 20 | 54 | 20 |  
j30_15_10.rcp | 0.0067571 | 12 | 65 | 3 | 0.005298501 | 12 | 65 | 9 |  
j30_16_1.rcp | 0.0053712 | 13 | 51 | 2 | 0.004019001 | 13 | 51 | 4 |  
j30_16_2.rcp | 0.004569201 | 13 | 48 | 1 | 0.0041644 | 13 | 48 | 2 |  
j30_16_3.rcp | 0.0041663 | 12 | 36 | 0 | 0.002973101 | 12 | 36 | 0 |  
j30_16_4.rcp | 0.0048972 | 14 | 47 | 0 | 0.0045831 | 14 | 47 | 0 |  
j30_16_5.rcp | 0.005229899 | 13 | 51 | 0 | 0.003532401 | 13 | 51 | 0 |  
j30_16_6.rcp | 0.0051671 | 13 | 51 | 0 | 0.0034049 | 13 | 51 | 0 |  
j30_16_7.rcp | 0.005204799 | 14 | 34 | 0 | 0.0036784 | 14 | 34 | 0 |  
j30_16_8.rcp | 0.003811499 | 13 | 44 | 0 | 0.0030391 | 13 | 44 | 0 |  
j30_16_9.rcp | 0.0044887 | 14 | 44 | 0 | 0.003371601 | 14 | 44 | 0 |  
j30_16_10.rcp | 0.0068475 | 12 | 51 | 1 | 0.005238401 | 12 | 51 | 2 |  
j30_17_1.rcp | 300.00003 | 8639104 | -1 | 7961623 | 300.00003 | 6947810 | -1 | 9316063 |  
j30_17_2.rcp | 0.0034628 | 32 | 68 | 10 | 0.0030552 | 32 | 68 | 9 |  
j30_17_3.rcp | 0.0012047 | 14 | 60 | 7 | 0.0013966 | 14 | 60 | 10 |  
j30_17_4.rcp | 0.1250491 | 1959 | 49 | 2118 | 0.1017686 | 1931 | 49 | 1630 |  
j30_17_5.rcp | 103.0027 | 2035343 | 47 | 1655450 | 106.629906 | 2035343 | 47 | 1816438 |  
j30_17_6.rcp | 0.0016082 | 18 | 63 | 16 | 0.001730601 | 18 | 63 | 17 |  
j30_17_7.rcp | 300.00003 | 9342837 | -1 | 8987649 | 300.00003 | 8487619 | -1 | 9407776 |  
j30_17_8.rcp | 0.0066649 | 110 | 61 | 40 | 0.0083288 | 110 | 61 | 58 |  
j30_17_9.rcp | 0.0026065 | 41 | 48 | 23 | 0.002939899 | 41 | 48 | 23 |  
j30_17_10.rcp | 6.11401E-4 | 12 | 66 | 5 | 6.095E-4 | 12 | 66 | 5 |  
j30_18_1.rcp | 0.00363 | 30 | 53 | 2 | 0.0030148 | 30 | 53 | 2 |  
j30_18_2.rcp | 0.0019035 | 31 | 55 | 5 | 0.001678501 | 31 | 55 | 4 |  
j30_18_3.rcp | 0.0018647 | 22 | 56 | 9 | 0.001677799 | 22 | 56 | 5 |  
j30_18_4.rcp | 0.0027988 | 52 | 70 | 14 | 0.0028021 | 52 | 70 | 14 |  
j30_18_5.rcp | 0.0012448 | 20 | 52 | 8 | 0.001458 | 20 | 52 | 10 |  
j30_18_6.rcp | 0.006703399 | 136 | 62 | 45 | 0.0076479 | 136 | 62 | 54 |  
j30_18_7.rcp | 0.0012126 | 14 | 48 | 11 | 0.0013897 | 14 | 48 | 14 |  
j30_18_8.rcp | 0.001241601 | 22 | 52 | 3 | 0.0014252 | 22 | 52 | 6 |  
j30_18_9.rcp | 0.0034296 | 19 | 47 | 16 | 0.004469999 | 19 | 47 | 24 |  
j30_18_10.rcp | 16.044912 | 285202 | 49 | 223333 | 14.717755 | 248606 | 49 | 252521 |  
j30_19_1.rcp | 0.001168299 | 25 | 40 | 3 | 0.0013375 | 25 | 40 | 6 |  
j30_19_2.rcp | 8.661E-4 | 15 | 58 | 3 | 8.29E-4 | 15 | 58 | 6 |  
j30_19_3.rcp | 8.388E-4 | 15 | 83 | 6 | 8.74899E-4 | 15 | 83 | 11 |  
j30_19_4.rcp | 6.657E-4 | 16 | 39 | 5 | 6.30301E-4 | 16 | 39 | 6 |  
j30_19_5.rcp | 0.001111 | 17 | 48 | 8 | 0.0012583 | 17 | 48 | 12 |  
j30_19_6.rcp | 0.0015124 | 24 | 49 | 10 | 0.001533801 | 24 | 49 | 13 |  
j30_19_7.rcp | 0.001531899 | 25 | 57 | 9 | 0.001637599 | 25 | 57 | 12 |  
j30_19_8.rcp | 0.0014021 | 21 | 55 | 5 | 9.92001E-4 | 21 | 55 | 9 |  
j30_19_9.rcp | 5.312E-4 | 14 | 38 | 2 | 5.234E-4 | 14 | 38 | 3 |  
j30_19_10.rcp | 0.001157 | 20 | 47 | 4 | 0.001287401 | 20 | 47 | 5 |  
j30_20_1.rcp | 8.144E-4 | 15 | 57 | 2 | 7.22101E-4 | 15 | 57 | 3 |  
j30_20_2.rcp | 8.129E-4 | 12 | 70 | 3 | 8.181E-4 | 12 | 70 | 4 |  
j30_20_3.rcp | 7.03999E-4 | 15 | 49 | 3 | 6.77199E-4 | 15 | 49 | 3 |  
j30_20_4.rcp | 6.41501E-4 | 14 | 43 | 0 | 6.821E-4 | 14 | 43 | 4 |  
j30_20_5.rcp | 6.532E-4 | 13 | 61 | 5 | 7.8E-4 | 13 | 61 | 6 |  
j30_20_6.rcp | 4.964E-4 | 12 | 51 | 1 | 5.103E-4 | 12 | 51 | 1 |  
j30_20_7.rcp | 5.742E-4 | 11 | 42 | 2 | 5.392E-4 | 11 | 42 | 2 |  
j30_20_8.rcp | 5.557E-4 | 12 | 51 | 1 | 5.68301E-4 | 12 | 51 | 1 |  
j30_20_9.rcp | 6.13199E-4 | 15 | 41 | 0 | 6.18399E-4 | 15 | 41 | 0 |  
j30_20_10.rcp | 7.49E-4 | 15 | 37 | 0 | 7.201E-4 | 15 | 37 | 1 |  
j30_21_1.rcp | 300.00034 | 2391189 | -1 | 2196462 | 300.00006 | 2661670 | -1 | 1935374 |  
j30_21_2.rcp | 300.00058 | 1347456 | -1 | 3458353 | 300.00024 | 1246124 | -1 | 2792148 |  
j30_21_3.rcp | 300.00052 | 1121480 | -1 | 2257971 | 300.00012 | 910161 | -1 | 1934619 |  
j30_21_4.rcp | 300.00015 | 5012577 | -1 | 1112603 | 300.00058 | 3879155 | -1 | 1639918 |  
j30_21_5.rcp | 300.00006 | 1470530 | -1 | 2845194 | 300.00012 | 1396099 | -1 | 2929533 |  
j30_21_6.rcp | 300.0002 | 1152542 | -1 | 2109766 | 300.00006 | 996331 | -1 | 2219815 |  
j30_21_7.rcp | 300.00037 | 1324553 | -1 | 2427547 | 300.00027 | 1254997 | -1 | 2550162 |  
j30_21_8.rcp | 300.00067 | 1449602 | -1 | 1679263 | 300.00034 | 1399637 | -1 | 1658292 |  
j30_21_9.rcp | 300.00046 | 1313490 | -1 | 2935474 | 300.00006 | 1183051 | -1 | 2618753 |  
j30_21_10.rcp | 300.00055 | 1247504 | -1 | 2227224 | 300.0001 | 989201 | -1 | 2682182 |  
j30_22_1.rcp | 300.0001 | 1979223 | -1 | 1166436 | 300.00006 | 2035019 | -1 | 1809964 |  
j30_22_2.rcp | 0.0035245 | 19 | 45 | 6 | 0.0036444 | 19 | 45 | 6 |  
j30_22_3.rcp | 0.0034952 | 22 | 63 | 2 | 0.0037981 | 22 | 63 | 10 |  
j30_22_4.rcp | 0.0032459 | 16 | 42 | 3 | 0.0029518 | 16 | 42 | 5 |  
j30_22_5.rcp | 0.0061854 | 26 | 52 | 20 | 0.0068919 | 26 | 52 | 27 |  
j30_22_6.rcp | 18.513563 | 100821 | 52 | 54060 | 22.20659 | 100821 | 52 | 83641 |  
j30_22_7.rcp | 300.0002 | 1553169 | -1 | 736743 | 300.0003 | 1201555 | -1 | 1442151 |  
j30_22_8.rcp | 300.0002 | 1339315 | -1 | 2328217 | 300.00015 | 1306443 | -1 | 2410418 |  
j30_22_9.rcp | 0.0067807 | 23 | 76 | 4 | 0.0042731 | 23 | 76 | 7 |  
j30_22_10.rcp | 0.0068112 | 34 | 55 | 21 | 0.0077444 | 34 | 55 | 34 |  
j30_23_1.rcp | 0.0031463 | 15 | 63 | 6 | 0.003136 | 15 | 63 | 7 |  
j30_23_2.rcp | 0.0023309 | 14 | 53 | 1 | 0.0018049 | 14 | 53 | 2 |  
j30_23_3.rcp | 0.0029803 | 16 | 46 | 6 | 0.0025375 | 16 | 46 | 9 |  
j30_23_4.rcp | 0.0050328 | 45 | 65 | 8 | 0.0046327 | 45 | 65 | 12 |  
j30_23_5.rcp | 0.003984 | 24 | 52 | 4 | 0.0038448 | 24 | 52 | 4 |  
j30_23_6.rcp | 0.0037021 | 18 | 48 | 3 | 0.0028507 | 18 | 48 | 6 |  
j30_23_7.rcp | 0.0036293 | 23 | 60 | 5 | 0.0044771 | 23 | 60 | 16 |  
j30_23_8.rcp | 0.0075324 | 45 | 48 | 5 | 0.0072029 | 45 | 48 | 11 |  
j30_23_9.rcp | 0.0050632 | 24 | 63 | 8 | 0.0045665 | 24 | 63 | 10 |  
j30_23_10.rcp | 0.0022767 | 17 | 61 | 4 | 0.0020639 | 17 | 61 | 6 |  
j30_24_1.rcp | 0.002235 | 15 | 53 | 3 | 0.0015992 | 15 | 53 | 4 |  
j30_24_2.rcp | 0.0023741 | 14 | 58 | 2 | 0.0019253 | 14 | 58 | 4 |  
j30_24_3.rcp | 0.0022038 | 12 | 69 | 2 | 0.001903 | 12 | 69 | 5 |  
j30_24_4.rcp | 0.003845 | 16 | 53 | 3 | 0.0020745 | 16 | 53 | 6 |  
j30_24_5.rcp | 0.0023633 | 11 | 51 | 4 | 0.0020496 | 11 | 51 | 5 |  
j30_24_6.rcp | 0.0019969 | 14 | 56 | 1 | 0.0017199 | 14 | 56 | 2 |  
j30_24_7.rcp | 0.0020241 | 13 | 44 | 2 | 0.0016919 | 13 | 44 | 4 |  
j30_24_8.rcp | 0.0017419 | 13 | 38 | 0 | 0.0014938 | 13 | 38 | 0 |  
j30_24_9.rcp | 0.0017386 | 11 | 43 | 1 | 0.0014692 | 11 | 43 | 1 |  
j30_24_10.rcp | 0.0024068 | 13 | 53 | 1 | 0.0020494 | 13 | 53 | 2 |  
j30_25_1.rcp | 300.00006 | 559670 | -1 | 1119981 | 300.0002 | 526080 | -1 | 1086926 |  
j30_25_2.rcp | 300.001 | 766265 | -1 | 1576032 | 300.00092 | 580263 | -1 | 1285448 |  
j30_25_3.rcp | 300.00006 | 958864 | -1 | 1165891 | 300.0042 | 678763 | -1 | 1591300 |  
j30_25_4.rcp | 300.0002 | 580173 | -1 | 1482428 | 300.00006 | 429590 | -1 | 1426298 |  
j30_25_5.rcp | 300.0004 | 1068343 | -1 | 1637570 | 300.00116 | 725097 | -1 | 1710162 |  
j30_25_6.rcp | 300.00015 | 651021 | -1 | 1762582 | 300.00095 | 609940 | -1 | 1533388 |  
j30_25_7.rcp | 300.00073 | 634868 | -1 | 1408069 | 300.00098 | 631600 | -1 | 1077591 |  
j30_25_8.rcp | 300.00024 | 974624 | -1 | 928662 | 300.00162 | 713767 | -1 | 1372122 |  
j30_25_9.rcp | 300.00037 | 847043 | -1 | 2249484 | 300.00012 | 945805 | -1 | 1153766 |  
j30_25_10.rcp | 300.00018 | 639649 | -1 | 1539391 | 300.00027 | 609069 | -1 | 1577562 |  
j30_26_1.rcp | 0.0235185 | 59 | 59 | 55 | 0.020752 | 59 | 59 | 85 |  
j30_26_2.rcp | 0.3411082 | 1385 | 40 | 278 | 0.2704931 | 1385 | 40 | 561 |  
j30_26_3.rcp | 0.0097011 | 14 | 58 | 7 | 0.0063448 | 14 | 58 | 13 |  
j30_26_4.rcp | 0.0707048 | 231 | 62 | 109 | 0.0702299 | 231 | 62 | 280 |  
j30_26_5.rcp | 0.3328255 | 931 | 74 | 893 | 0.40058348 | 931 | 74 | 1096 |  
j30_26_6.rcp | 300.00012 | 794540 | -1 | 196909 | 300.0002 | 865900 | -1 | 810251 |  
j30_26_7.rcp | 0.0608619 | 177 | 56 | 27 | 0.0923218 | 177 | 56 | 81 |  
j30_26_8.rcp | 0.020176 | 24 | 66 | 8 | 0.014251 | 24 | 66 | 15 |  
j30_26_9.rcp | 300.00018 | 864577 | -1 | 623279 | 300.00034 | 419464 | -1 | 622329 |  
j30_26_10.rcp | 0.0318502 | 40 | 49 | 19 | 0.0301093 | 40 | 49 | 25 |  
j30_27_1.rcp | 0.46169722 | 1006 | 43 | 85 | 0.3008633 | 970 | 43 | 46 |  
j30_27_2.rcp | 0.0586178 | 68 | 58 | 6 | 0.0754695 | 68 | 58 | 84 |  
j30_27_3.rcp | 0.0124127 | 18 | 60 | 3 | 0.0095756 | 18 | 60 | 3 |  
j30_27_4.rcp | 0.0149469 | 14 | 64 | 12 | 0.0131455 | 14 | 64 | 14 |  
j30_27_5.rcp | 0.037393 | 36 | 49 | 20 | 0.0320477 | 36 | 49 | 24 |  
j30_27_6.rcp | 0.0096048 | 11 | 59 | 2 | 0.0080998 | 11 | 59 | 5 |  
j30_27_7.rcp | 0.20626701 | 309 | 49 | 119 | 0.16519341 | 309 | 49 | 135 |  
j30_27_8.rcp | 0.0164517 | 18 | 66 | 3 | 0.0148714 | 18 | 66 | 6 |  
j30_27_9.rcp | 0.0130454 | 12 | 55 | 3 | 0.0131419 | 12 | 55 | 5 |  
j30_27_10.rcp | 0.0115457 | 14 | 62 | 2 | 0.0096092 | 14 | 62 | 2 |  
j30_28_1.rcp | 0.0122498 | 14 | 69 | 0 | 0.0109942 | 14 | 69 | 4 |  
j30_28_2.rcp | 0.0152921 | 13 | 57 | 1 | 0.0080446 | 13 | 57 | 3 |  
j30_28_3.rcp | 0.0099607 | 12 | 40 | 2 | 0.0085107 | 12 | 40 | 2 |  
j30_28_4.rcp | 0.0116036 | 16 | 49 | 1 | 0.0091106 | 16 | 49 | 1 |  
j30_28_5.rcp | 0.0094844 | 13 | 73 | 0 | 0.0073528 | 13 | 73 | 3 |  
j30_28_6.rcp | 0.0124767 | 16 | 55 | 5 | 0.0106228 | 16 | 55 | 7 |  
j30_28_7.rcp | 0.007817 | 12 | 48 | 0 | 0.0060629 | 12 | 48 | 1 |  
j30_28_8.rcp | 0.0119944 | 14 | 53 | 1 | 0.0078668 | 14 | 53 | 2 |  
j30_28_9.rcp | 0.0126842 | 14 | 62 | 4 | 0.009216 | 14 | 62 | 6 |  
j30_28_10.rcp | 0.0131192 | 14 | 59 | 1 | 0.0091955 | 14 | 59 | 2 |  
j30_29_1.rcp | 300.0003 | 247115 | -1 | 353110 | 300.0004 | 184444 | -1 | 279850 |  
j30_29_2.rcp | 300.00037 | 198273 | -1 | 395664 | 300.00156 | 115370 | -1 | 364826 |  
j30_29_3.rcp | 300.00024 | 527764 | -1 | 195041 | 300.0027 | 121215 | -1 | 381511 |  
j30_29_4.rcp | 300.00082 | 344854 | -1 | 558467 | 2880.45 | 112445 | -1 | 421895 |  
j30_29_5.rcp | 300.00052 | 739328 | -1 | 1159912 | 300.00125 | 322922 | -1 | 932805 |  
j30_29_6.rcp | 300.00012 | 931674 | -1 | 772562 | 300.0015 | 343013 | -1 | 1180909 |  
j30_29_7.rcp | 300.0002 | 448913 | -1 | 1212121 | 300.00186 | 283629 | -1 | 1002763 |  
j30_29_8.rcp | 300.00012 | 637170 | -1 | 1351214 | 300.00253 | 351079 | -1 | 1444474 |  
j30_29_9.rcp | 300.00247 | 441330 | -1 | 691003 | 300.0015 | 370223 | -1 | 986761 |  
j30_29_10.rcp | 300.00024 | 373364 | -1 | 1510118 | 300.00095 | 272496 | -1 | 1134469 |  
j30_30_1.rcp | 150.19078 | 218750 | 47 | 200570 | 154.59169 | 200626 | 47 | 230751 |  
j30_30_2.rcp | 300.00046 | 555591 | -1 | 557352 | 300.00027 | 643692 | -1 | 1127041 |  
j30_30_3.rcp | 300.00046 | 636688 | -1 | 319664 | 300.00076 | 621449 | -1 | 793177 |  
j30_30_4.rcp | 226.2126 | 538654 | 53 | 214237 | 238.99135 | 538654 | 53 | 353637 |  
j30_30_5.rcp | 300.0001 | 600259 | -1 | 485534 | 300.0003 | 631828 | -1 | 1087392 |  
j30_30_6.rcp | 300.0006 | 636172 | -1 | 223801 | 300.00027 | 502213 | -1 | 535691 |  
j30_30_7.rcp | 300.0006 | 481184 | -1 | 783588 | 300.00037 | 351613 | -1 | 898662 |  
j30_30_8.rcp | 300.00067 | 553923 | -1 | 950103 | 300.0006 | 544095 | -1 | 1209736 |  
j30_30_9.rcp | 300.00024 | 822380 | -1 | 122709 | 300.00027 | 780865 | -1 | 443473 |  
j30_30_10.rcp | 300.00006 | 615802 | -1 | 370993 | 300.00003 | 572683 | -1 | 553803 |  
j30_31_1.rcp | 0.0076858 | 12 | 43 | 1 | 0.005101 | 12 | 43 | 2 |  
j30_31_2.rcp | 0.0049738 | 10 | 63 | 0 | 0.0038619 | 10 | 63 | 0 |  
j30_31_3.rcp | 0.005973 | 15 | 58 | 1 | 0.0044567 | 15 | 58 | 1 |  
j30_31_4.rcp | 4.866776 | 11974 | 50 | 5622 | 3.9359138 | 11572 | 50 | 11812 |  
j30_31_5.rcp | 2.1820152 | 5169 | 52 | 645 | 2.834992 | 5169 | 52 | 2135 |  
j30_31_6.rcp | 0.0056656 | 16 | 53 | 5 | 0.0044962 | 16 | 53 | 6 |  
j30_31_7.rcp | 0.0137783 | 21 | 61 | 4 | 0.0133448 | 21 | 61 | 4 |  
j30_31_8.rcp | 0.0092825 | 14 | 58 | 2 | 0.0086282 | 14 | 58 | 10 |  
j30_31_9.rcp | 300.00027 | 673543 | -1 | 430236 | 292.2624 | 694157 | 50 | 654457 |  
j30_31_10.rcp | 300.00055 | 663422 | -1 | 111692 | 300.00006 | 498660 | -1 | 456141 |  
j30_32_1.rcp | 0.0053719 | 17 | 61 | 0 | 0.0040511 | 17 | 61 | 0 |  
j30_32_2.rcp | 0.0051931 | 14 | 60 | 1 | 0.0039792 | 14 | 60 | 2 |  
j30_32_3.rcp | 0.0061206 | 13 | 57 | 1 | 0.0046887 | 13 | 57 | 7 |  
j30_32_4.rcp | 0.0053045 | 15 | 68 | 5 | 0.0041795 | 15 | 68 | 5 |  
j30_32_5.rcp | 0.0055238 | 12 | 54 | 0 | 0.003856 | 12 | 54 | 2 |  
j30_32_6.rcp | 0.0045609 | 13 | 44 | 1 | 0.0037533 | 13 | 44 | 3 |  
j30_32_7.rcp | 0.0039443 | 15 | 35 | 0 | 0.002946 | 15 | 35 | 0 |  
j30_32_8.rcp | 0.0055246 | 15 | 54 | 1 | 0.0037164 | 15 | 54 | 2 |  
j30_32_9.rcp | 0.0042184 | 13 | 65 | 0 | 0.0030947 | 13 | 65 | 0 |  
j30_32_10.rcp | 0.0035936 | 11 | 51 | 0 | 0.0037651 | 11 | 51 | 1 |  
j30_33_1.rcp | 14.648939 | 478364 | 65 | 272237 | 16.169788 | 478364 | 65 | 348748 |  
j30_33_2.rcp | 0.0034559 | 50 | 60 | 59 | 0.0039086 | 50 | 60 | 72 |  
j30_33_3.rcp | 300.00006 | 4779931 | -1 | 6484033 | 300.00003 | 5874560 | -1 | 8356684 |  
j30_33_4.rcp | 0.0013663 | 17 | 77 | 30 | 0.0015132 | 17 | 77 | 34 |  
j30_33_5.rcp | 300.0001 | 5132171 | -1 | 4811322 | 300.00003 | 4455753 | -1 | 5292510 |  
j30_33_6.rcp | 0.0038037 | 71 | 59 | 59 | 0.0045469 | 71 | 59 | 69 |  
j30_33_7.rcp | 8.025E-4 | 14 | 58 | 6 | 0.0011377 | 14 | 58 | 10 |  
j30_33_8.rcp | 300.00006 | 7030900 | -1 | 2985141 | 300.0001 | 7738858 | -1 | 2988764 |  
j30_33_9.rcp | 25.541111 | 414092 | 65 | 447818 | 29.49818 | 414092 | 65 | 474041 |  
j30_33_10.rcp | 0.0020223 | 41 | 53 | 7 | 0.0017358 | 41 | 53 | 6 |  
j30_34_1.rcp | 0.0016649 | 27 | 68 | 13 | 0.0018189 | 27 | 68 | 20 |  
j30_34_2.rcp | 0.0026172 | 15 | 44 | 5 | 0.0014785 | 15 | 44 | 8 |  
j30_34_3.rcp | 16.735514 | 535375 | 69 | 268717 | 16.280458 | 535375 | 69 | 268806 |  
j30_34_4.rcp | 0.0010439 | 15 | 67 | 7 | 9.771E-4 | 15 | 67 | 9 |  
j30_34_5.rcp | 0.0014728 | 29 | 63 | 9 | 0.0016074 | 29 | 63 | 10 |  
j30_34_6.rcp | 0.0010069 | 15 | 52 | 7 | 0.0015526 | 15 | 52 | 10 |  
j30_34_7.rcp | 0.002375 | 29 | 58 | 6 | 0.0020346 | 29 | 58 | 9 |  
j30_34_8.rcp | 0.0028574 | 56 | 58 | 9 | 0.003153 | 56 | 58 | 16 |  
j30_34_9.rcp | 8.716E-4 | 14 | 60 | 9 | 9.092E-4 | 14 | 60 | 12 |  
j30_34_10.rcp | 5.019E-4 | 10 | 47 | 2 | 0.003111 | 10 | 47 | 4 |  
j30_35_1.rcp | 0.0018543 | 35 | 57 | 10 | 0.0019986 | 35 | 57 | 24 |  
j30_35_2.rcp | 7.024E-4 | 13 | 53 | 4 | 6.973E-4 | 13 | 53 | 6 |  
j30_35_3.rcp | 7.792E-4 | 18 | 60 | 1 | 0.0010413 | 18 | 60 | 7 |  
j30_35_4.rcp | 0.0013591 | 19 | 50 | 5 | 0.0012702 | 19 | 50 | 5 |  
j30_35_5.rcp | 7.269E-4 | 15 | 60 | 1 | 8.046E-4 | 15 | 60 | 4 |  
j30_35_6.rcp | 0.0012386 | 19 | 58 | 9 | 0.0013451 | 19 | 58 | 10 |  
j30_35_7.rcp | 0.0074641 | 170 | 61 | 67 | 0.0084527 | 170 | 61 | 100 |  
j30_35_8.rcp | 0.0014147 | 21 | 63 | 7 | 0.0010654 | 21 | 63 | 12 |  
j30_35_9.rcp | 9.545E-4 | 17 | 59 | 9 | 9.701E-4 | 17 | 59 | 9 |  
j30_35_10.rcp | 0.0014213 | 26 | 59 | 4 | 0.0015125 | 26 | 59 | 9 |  
j30_36_1.rcp | 5.878E-4 | 14 | 66 | 1 | 5.565E-4 | 14 | 66 | 1 |  
j30_36_2.rcp | 4.929E-4 | 13 | 44 | 2 | 4.949E-4 | 13 | 44 | 2 |  
j30_36_3.rcp | 5.875E-4 | 15 | 61 | 3 | 6.262E-4 | 15 | 61 | 4 |  
j30_36_4.rcp | 6.165E-4 | 15 | 59 | 0 | 5.765E-4 | 15 | 59 | 1 |  
j30_36_5.rcp | 6.855E-4 | 14 | 64 | 2 | 6.337E-4 | 14 | 64 | 2 |  
j30_36_6.rcp | 6.557E-4 | 15 | 46 | 5 | 6.574E-4 | 15 | 46 | 5 |  
j30_36_7.rcp | 6.917E-4 | 12 | 56 | 0 | 8.732E-4 | 12 | 56 | 1 |  
j30_36_8.rcp | 8.635E-4 | 18 | 63 | 0 | 6.486E-4 | 18 | 63 | 1 |  
j30_36_9.rcp | 7.231E-4 | 15 | 59 | 0 | 7.348E-4 | 15 | 59 | 1 |  
j30_36_10.rcp | 7.206E-4 | 16 | 59 | 3 | 7.131E-4 | 16 | 59 | 5 |  
j30_37_1.rcp | 300.00015 | 2155747 | -1 | 1340384 | 300.0001 | 1960908 | -1 | 1551143 |  
j30_37_2.rcp | 300.0004 | 922012 | -1 | 2208662 | 300.00064 | 651120 | -1 | 2612120 |  
j30_37_3.rcp | 300.0001 | 2374046 | -1 | 1444089 | 300.00024 | 1875932 | -1 | 1725198 |  
j30_37_4.rcp | 300.00024 | 1191581 | -1 | 2509999 | 300.00024 | 1126413 | -1 | 2307857 |  
j30_37_5.rcp | 300.0001 | 1724102 | -1 | 2313744 | 300.0001 | 1547432 | -1 | 1540978 |  
j30_37_6.rcp | 300.00006 | 524463 | -1 | 755143 | 300.00226 | 436789 | -1 | 622160 |  
j30_37_7.rcp | 300.00037 | 593978 | -1 | 1097360 | 300.00018 | 642140 | -1 | 889991 |  
j30_37_8.rcp | 300.0009 | 409029 | -1 | 967704 | 300.00006 | 366295 | -1 | 933632 |  
j30_37_9.rcp | 300.0002 | 2070778 | -1 | 2390465 | 300.00003 | 1888443 | -1 | 3786548 |  
j30_37_10.rcp | 300.00024 | 1063582 | -1 | 1744979 | 300.00027 | 1075875 | -1 | 2126377 |  
j30_38_1.rcp | 300.00015 | 2687123 | -1 | 692128 | 300.00003 | 3158215 | -1 | 1680718 |  
j30_38_2.rcp | 0.0170876 | 62 | 54 | 10 | 0.0068752 | 50 | 54 | 23 |  
j30_38_3.rcp | 0.004957 | 28 | 59 | 5 | 0.0054654 | 28 | 59 | 15 |  
j30_38_4.rcp | 0.0066767 | 39 | 59 | 8 | 0.0056809 | 39 | 59 | 16 |  
j30_38_5.rcp | 7.918618 | 31286 | 71 | 26329 | 9.9225445 | 31286 | 71 | 50515 |  
j30_38_6.rcp | 0.0069925 | 14 | 63 | 4 | 0.0025216 | 14 | 63 | 5 |  
j30_38_7.rcp | 117.270645 | 735526 | 65 | 124793 | 116.91048 | 735526 | 65 | 267566 |  
j30_38_8.rcp | 0.0165691 | 46 | 61 | 16 | 0.0115633 | 46 | 61 | 21 |  
j30_38_9.rcp | 0.0168624 | 95 | 63 | 45 | 0.019135 | 95 | 63 | 54 |  
j30_38_10.rcp | 0.0116723 | 37 | 60 | 12 | 0.0089976 | 37 | 60 | 24 |  
j30_39_1.rcp | 0.0050647 | 36 | 55 | 4 | 0.0139426 | 36 | 55 | 19 |  
j30_39_2.rcp | 0.0038219 | 28 | 54 | 9 | 0.0037874 | 28 | 54 | 13 |  
j30_39_3.rcp | 0.0031583 | 15 | 54 | 3 | 0.003724 | 15 | 54 | 9 |  
j30_39_4.rcp | 0.0039383 | 28 | 53 | 2 | 0.0043423 | 28 | 53 | 11 |  
j30_39_5.rcp | 0.0015106 | 8 | 55 | 1 | 0.0018154 | 8 | 55 | 5 |  
j30_39_6.rcp | 300.0003 | 1896373 | -1 | 581042 | 300.00006 | 2304281 | -1 | 987787 |  
j30_39_7.rcp | 0.0065481 | 43 | 56 | 13 | 0.0067608 | 43 | 56 | 18 |  
j30_39_8.rcp | 0.0019735 | 14 | 67 | 3 | 0.0017882 | 14 | 67 | 4 |  
j30_39_9.rcp | 0.0051891 | 26 | 64 | 5 | 0.005429 | 26 | 64 | 8 |  
j30_39_10.rcp | 0.0044111 | 23 | 60 | 5 | 0.005059 | 23 | 60 | 10 |  
j30_40_1.rcp | 0.002082 | 16 | 51 | 2 | 0.0023137 | 16 | 51 | 4 |  
j30_40_2.rcp | 0.0018158 | 15 | 56 | 1 | 0.0016191 | 15 | 56 | 1 |  
j30_40_3.rcp | 0.002068 | 15 | 57 | 1 | 0.0017469 | 15 | 57 | 1 |  
j30_40_4.rcp | 0.0018407 | 14 | 57 | 0 | 0.0015725 | 14 | 57 | 0 |  
j30_40_5.rcp | 0.0017013 | 14 | 65 | 0 | 0.001517 | 14 | 65 | 3 |  
j30_40_6.rcp | 0.0017782 | 11 | 60 | 1 | 0.00176 | 11 | 60 | 2 |  
j30_40_7.rcp | 0.0018426 | 13 | 46 | 0 | 0.001478 | 13 | 46 | 0 |  
j30_40_8.rcp | 0.0019372 | 17 | 57 | 2 | 0.0017617 | 17 | 57 | 2 |  
j30_40_9.rcp | 0.0021221 | 15 | 64 | 2 | 0.0018802 | 15 | 64 | 2 |  
j30_40_10.rcp | 0.001887 | 13 | 51 | 1 | 0.0016094 | 13 | 51 | 1 |  
j30_41_1.rcp | 300.00015 | 775999 | -1 | 1206828 | 300.00024 | 751850 | -1 | 1181369 |  
j30_41_2.rcp | 300.00098 | 983744 | -1 | 1981740 | 300.00006 | 830153 | -1 | 1625570 |  
j30_41_3.rcp | 300.00073 | 722821 | -1 | 1822131 | 300.001 | 435914 | -1 | 1688358 |  
j30_41_4.rcp | 300.00015 | 914400 | -1 | 1189861 | 300.00052 | 704628 | -1 | 1332453 |  
j30_41_5.rcp | 300.00015 | 1552011 | -1 | 1357097 | 300.00018 | 638379 | -1 | 1496443 |  
j30_41_6.rcp | 300.00052 | 657164 | -1 | 2253538 | 300.00027 | 570833 | -1 | 1185579 |  
j30_41_7.rcp | 300.0006 | 920128 | -1 | 1217656 | 300.00058 | 593042 | -1 | 1316383 |  
j30_41_8.rcp | 300.00122 | 817681 | -1 | 2025789 | 300.00104 | 677059 | -1 | 1776483 |  
j30_41_9.rcp | 300.00006 | 632022 | -1 | 1387309 | 300.00055 | 571952 | -1 | 1417232 |  
j30_41_10.rcp | 300.0003 | 1078369 | -1 | 1669703 | 300.00052 | 791430 | -1 | 1324375 |  
j30_42_1.rcp | 0.12127551 | 344 | 58 | 119 | 0.11623631 | 344 | 58 | 248 |  
j30_42_2.rcp | 114.19954 | 330639 | 50 | 332188 | 126.07417 | 330639 | 50 | 594338 |  
j30_42_3.rcp | 300.0002 | 885984 | -1 | 689897 | 300.00006 | 762633 | -1 | 1287206 |  
j30_42_4.rcp | 300.00027 | 867150 | -1 | 482728 | 300.00003 | 860612 | -1 | 658656 |  
j30_42_5.rcp | 0.003196 | 11 | 52 | 1 | 0.0028378 | 11 | 52 | 1 |  
j30_42_6.rcp | 300.00006 | 925746 | -1 | 473411 | 300.00052 | 896108 | -1 | 1164902 |  
j30_42_7.rcp | 0.0086991 | 18 | 66 | 10 | 0.0059353 | 18 | 66 | 13 |  
j30_42_8.rcp | 300.0002 | 671444 | -1 | 816489 | 300.00027 | 558620 | -1 | 953123 |  
j30_42_9.rcp | 300.0004 | 980546 | -1 | 802764 | 300.00003 | 1013778 | -1 | 1657360 |  
j30_42_10.rcp | 0.0228565 | 22 | 75 | 16 | 0.0074202 | 22 | 75 | 16 |  
j30_43_1.rcp | 300.00015 | 1101685 | -1 | 495892 | 300.00006 | 1052767 | -1 | 1332590 |  
j30_43_2.rcp | 0.0072115 | 19 | 43 | 3 | 0.0039811 | 19 | 43 | 4 |  
j30_43_3.rcp | 115.90302 | 429005 | 57 | 45829 | 126.110725 | 429005 | 57 | 100871 |  
j30_43_4.rcp | 0.006644 | 15 | 67 | 6 | 0.0063629 | 15 | 67 | 12 |  
j30_43_5.rcp | 0.0529556 | 149 | 64 | 159 | 0.0447945 | 149 | 64 | 138 |  
j30_43_6.rcp | 5.073502 | 12670 | 58 | 5176 | 4.4103327 | 12670 | 58 | 7032 |  
j30_43_7.rcp | 0.0047137 | 14 | 52 | 6 | 0.003719 | 14 | 52 | 8 |  
j30_43_8.rcp | 0.3319265 | 1270 | 62 | 199 | 0.2642322 | 1270 | 62 | 344 |  
j30_43_9.rcp | 3.042443 | 10421 | 57 | 7342 | 2.8041265 | 10411 | 57 | 7368 |  
j30_43_10.rcp | 0.0458396 | 93 | 60 | 101 | 0.0407547 | 93 | 60 | 129 |  
j30_44_1.rcp | 0.0039393 | 13 | 50 | 0 | 0.0029326 | 13 | 50 | 2 |  
j30_44_2.rcp | 0.0042464 | 13 | 54 | 3 | 0.0034383 | 13 | 54 | 3 |  
j30_44_3.rcp | 0.0040177 | 17 | 51 | 1 | 0.0026352 | 17 | 51 | 1 |  
j30_44_4.rcp | 0.0034621 | 11 | 57 | 2 | 0.0027845 | 11 | 57 | 2 |  
j30_44_5.rcp | 0.0031141 | 14 | 55 | 1 | 0.0025649 | 14 | 55 | 1 |  
j30_44_6.rcp | 0.0030099 | 14 | 56 | 1 | 0.0024419 | 14 | 56 | 1 |  
j30_44_7.rcp | 0.003402 | 13 | 42 | 1 | 0.0027786 | 13 | 42 | 1 |  
j30_44_8.rcp | 0.0029443 | 8 | 49 | 2 | 0.0022702 | 8 | 49 | 3 |  
j30_44_9.rcp | 0.0030823 | 15 | 64 | 0 | 0.0025266 | 15 | 64 | 0 |  
j30_44_10.rcp | 0.0034046 | 13 | 63 | 1 | 0.0025863 | 13 | 63 | 1 |  
j30_45_1.rcp | 300.0008 | 486496 | -1 | 1453028 | 300.0004 | 373733 | -1 | 1277638 |  
j30_45_2.rcp | 300.001 | 680024 | -1 | 859369 | 300.00195 | 419458 | -1 | 898041 |  
j30_45_3.rcp | 300.0003 | 409586 | -1 | 1273121 | 300.0008 | 302069 | -1 | 1100557 |  
j30_45_4.rcp | 300.00055 | 446216 | -1 | 1251764 | 300.00055 | 334077 | -1 | 1267256 |  
j30_45_5.rcp | 300.00018 | 517227 | -1 | 1494814 | 300.00113 | 414540 | -1 | 1330316 |  
j30_45_6.rcp | 300.0003 | 492892 | -1 | 1238289 | 300.00003 | 314375 | -1 | 858460 |  
j30_45_7.rcp | 300.0002 | 370564 | -1 | 1847490 | 300.00067 | 317632 | -1 | 1160448 |  
j30_45_8.rcp | 300.00034 | 417329 | -1 | 1058662 | 300.0017 | 323149 | -1 | 955150 |  
j30_45_9.rcp | 300.0011 | 511608 | -1 | 1098499 | 300.00284 | 371275 | -1 | 948146 |  
j30_45_10.rcp | 300.00058 | 518520 | -1 | 1441364 | 300.00006 | 327034 | -1 | 963540 |  
j30_46_1.rcp | 300.00076 | 493693 | -1 | 661968 | 300.0002 | 563579 | -1 | 1057499 |  
j30_46_2.rcp | 300.00018 | 566119 | -1 | 574717 | 300.00082 | 596035 | -1 | 949624 |  
j30_46_3.rcp | 300.00015 | 593976 | -1 | 418682 | 300.00064 | 489123 | -1 | 1137313 |  
j30_46_4.rcp | 300.00073 | 693923 | -1 | 394202 | 300.00015 | 635384 | -1 | 585944 |  
j30_46_5.rcp | 0.0530102 | 131 | 57 | 21 | 0.0628849 | 131 | 57 | 88 |  
j30_46_6.rcp | 300.00006 | 591137 | -1 | 346455 | 300.00006 | 571943 | -1 | 565218 |  
j30_46_7.rcp | 300.00034 | 533585 | -1 | 729909 | 300.0002 | 466965 | -1 | 920544 |  
j30_46_8.rcp | 300.0003 | 713299 | -1 | 254897 | 300.00064 | 687104 | -1 | 1008720 |  
j30_46_9.rcp | 300.00006 | 550857 | -1 | 651981 | 300.00037 | 501286 | -1 | 1124762 |  
j30_46_10.rcp | 300.00006 | 629985 | -1 | 436585 | 300.00015 | 545323 | -1 | 654108 |  
j30_47_1.rcp | 0.0124011 | 14 | 58 | 5 | 0.0071837 | 14 | 58 | 6 |  
j30_47_2.rcp | 0.0128126 | 17 | 59 | 4 | 0.0070195 | 17 | 59 | 4 |  
j30_47_3.rcp | 0.0161657 | 38 | 55 | 4 | 0.0144605 | 38 | 55 | 8 |  
j30_47_4.rcp | 0.0096381 | 22 | 49 | 1 | 0.010899 | 22 | 49 | 9 |  
j30_47_5.rcp | 4.8525915 | 11169 | 47 | 2191 | 4.4488597 | 11169 | 47 | 3201 |  
j30_47_6.rcp | 60.738873 | 142191 | 53 | 32811 | 12.733261 | 23797 | 53 | 10959 |  
j30_47_7.rcp | 174.33467 | 383995 | 66 | 39913 | 186.61365 | 383995 | 66 | 82355 |  
j30_47_8.rcp | 0.0052594 | 12 | 48 | 1 | 0.0042755 | 12 | 48 | 1 |  
j30_47_9.rcp | 0.0066747 | 13 | 65 | 5 | 0.0053455 | 13 | 65 | 9 |  
j30_47_10.rcp | 300.0002 | 656675 | -1 | 812119 | 300.01294 | 786913 | -1 | 1095690 |  
j30_48_1.rcp | 0.0160618 | 14 | 63 | 0 | 0.0068905 | 14 | 63 | 0 |  
j30_48_2.rcp | 0.0050784 | 15 | 54 | 0 | 0.0043366 | 15 | 54 | 0 |  
j30_48_3.rcp | 0.0069292 | 15 | 50 | 2 | 0.0099524 | 15 | 50 | 2 |  
j30_48_4.rcp | 0.0164369 | 16 | 57 | 0 | 0.0119512 | 16 | 57 | 2 |  
j30_48_5.rcp | 0.0123386 | 15 | 58 | 0 | 0.0063304 | 15 | 58 | 0 |  
j30_48_6.rcp | 0.0085283 | 14 | 58 | 0 | 0.0060959 | 14 | 58 | 1 |  
j30_48_7.rcp | 0.0115355 | 14 | 55 | 1 | 0.0069843 | 14 | 55 | 1 |  
j30_48_8.rcp | 0.0097049 | 13 | 44 | 1 | 0.0070617 | 13 | 44 | 1 |  
j30_48_9.rcp | 0.0073791 | 13 | 59 | 0 | 0.0047812 | 13 | 59 | 0 |  
j30_48_10.rcp | 0.0059742 | 13 | 54 | 0 | 0.0039451 | 13 | 54 | 1 |  
AVERAGE |4.9543624 | 37883.406 | 25967.773 | 5.03159 | 33979.387 | 28012.344 |  
TIME RATIO  = 98.465142020-05-29
 16:29:41.507034900
Data/j3O/ 
  BRANCHEMENT STATIQUE 
Inst |old_time |old_backt |makespan |old_prop |new_time |new_backt |makespan |new_prop|  
j30_1_1.rcp | 