2020-07-01
 16:09:19.476417700
Data/J30/ 
  BRANCHEMENT STATIQUE 
Inst |old_time |old_backt |makespan |old_prop |new_time |new_backt |makespan |new_prop|  
j30_1_1.rcp | 0.70809674 | 24 | 43 | 10 | 0.2032232 | 24 | 43 | 13 |  
j30_1_2.rcp | 1.7848017 | 18521 | 47 | 22212 | 2.1173236 | 18521 | 47 | 31236 |  
j30_1_3.rcp | 0.0030086 | 38 | 47 | 20 | 0.0045759 | 38 | 47 | 22 |  
j30_1_4.rcp | 300.00024 | 11091011 | -1 | 131979 | 300.014 | 1943490 | -1 | 51847 |  
j30_1_5.rcp | 66.49462 | 408767 | 39 | 558343 | 129.10376 | 404136 | 39 | 586219 |  
j30_1_6.rcp | 6.303573 | 33674 | 48 | 31766 | 13.390503 | 33674 | 48 | 30049 |  
j30_1_7.rcp | 0.0047858 | 17 | 60 | 6 | 0.0062372 | 17 | 60 | 12 |  
j30_1_8.rcp | 0.0024635 | 13 | 53 | 10 | 0.0070584 | 13 | 53 | 13 |  
j30_1_9.rcp | 300.00406 | 4148857 | -1 | 3577326 | 300.00278 | 1097087 | -1 | 1219686 |  
j30_1_10.rcp | 0.0346833 | 70 | 45 | 123 | 0.0255529 | 70 | 45 | 132 |  
j30_2_1.rcp | 0.0037124 | 23 | 38 | 21 | 0.0056251 | 23 | 38 | 28 |  
j30_2_2.rcp | 0.0022498 | 26 | 51 | 7 | 0.0055178 | 26 | 51 | 10 |  
j30_2_3.rcp | 0.0012741 | 14 | 43 | 1 | 0.0012649 | 14 | 43 | 1 |  
j30_2_4.rcp | 0.0019499 | 19 | 43 | 4 | 0.0019494 | 19 | 43 | 5 |  
j30_2_5.rcp | 0.0037164 | 37 | 51 | 6 | 0.0043155 | 37 | 51 | 15 |  
j30_2_6.rcp | 0.001518 | 21 | 47 | 6 | 0.0026912 | 21 | 47 | 9 |  
j30_2_7.rcp | 0.0028031 | 13 | 47 | 5 | 0.002325 | 13 | 47 | 8 |  
j30_2_8.rcp | 0.0026976 | 20 | 54 | 12 | 0.0033731 | 20 | 54 | 19 |  
j30_2_9.rcp | 0.0029625 | 20 | 54 | 13 | 0.0049976 | 20 | 54 | 18 |  
j30_2_10.rcp | 0.0072295 | 78 | 43 | 41 | 0.0104907 | 78 | 43 | 67 |  
j30_3_1.rcp | 0.0016073 | 13 | 72 | 4 | 0.0023998 | 13 | 72 | 5 |  
j30_3_2.rcp | 0.0016878 | 18 | 40 | 2 | 0.0038554 | 18 | 40 | 6 |  
j30_3_3.rcp | 0.0011656 | 15 | 57 | 4 | 0.0018177 | 15 | 57 | 8 |  
j30_3_4.rcp | 0.0012955 | 15 | 98 | 7 | 0.0032514 | 15 | 98 | 8 |  
j30_3_5.rcp | 0.0035514 | 31 | 53 | 8 | 0.0041794 | 31 | 53 | 9 |  
j30_3_6.rcp | 0.0015436 | 19 | 54 | 1 | 0.0027102 | 19 | 54 | 5 |  
j30_3_7.rcp | 0.0026992 | 16 | 48 | 3 | 0.0017663 | 16 | 48 | 6 |  
j30_3_8.rcp | 0.0015014 | 13 | 54 | 2 | 0.0031202 | 13 | 54 | 3 |  
j30_3_9.rcp | 0.0084155 | 87 | 65 | 20 | 0.0122546 | 87 | 65 | 30 |  
j30_3_10.rcp | 0.0033632 | 18 | 59 | 5 | 0.0046332 | 18 | 59 | 9 |  
j30_4_1.rcp | 0.0011959 | 13 | 49 | 1 | 0.0019021 | 13 | 49 | 2 |  
j30_4_2.rcp | 0.0015534 | 16 | 60 | 3 | 0.0025016 | 16 | 60 | 4 |  
j30_4_3.rcp | 0.0016509 | 13 | 47 | 2 | 0.0019973 | 13 | 47 | 5 |  
j30_4_4.rcp | 0.0014478 | 12 | 57 | 0 | 0.0036042 | 12 | 57 | 2 |  
j30_4_5.rcp | 0.0028009 | 14 | 59 | 5 | 0.0046263 | 14 | 59 | 5 |  
j30_4_6.rcp | 0.0016081 | 12 | 45 | 3 | 0.0026917 | 12 | 45 | 4 |  
j30_4_7.rcp | 0.0016398 | 11 | 56 | 2 | 0.0038505 | 11 | 56 | 2 |  
j30_4_8.rcp | 0.0018193 | 13 | 55 | 0 | 0.0021753 | 13 | 55 | 0 |  
j30_4_9.rcp | 0.0040039 | 10 | 38 | 4 | 0.0024746 | 10 | 38 | 4 |  
j30_4_10.rcp | 0.0019698 | 11 | 48 | 3 | 0.0026232 | 11 | 48 | 3 |  
j30_5_1.rcp | 300.00073 | 659914 | -1 | 806123 | 300.02402 | 299853 | -1 | 615688 |  
j30_5_2.rcp | 300.02103 | 573367 | -1 | 1117329 | 300.00177 | 501582 | -1 | 1195563 |  
j30_5_3.rcp | 300.00018 | 818342 | -1 | 2537510 | 300.00815 | 415801 | -1 | 1278451 |  
j30_5_4.rcp | 300.00015 | 1624643 | -1 | 1818860 | 300.00015 | 732167 | -1 | 1228220 |  
j30_5_5.rcp | 300.00015 | 1004909 | -1 | 1731764 | 300.00034 | 528489 | -1 | 750147 |  
j30_5_6.rcp | 300.00073 | 1049817 | -1 | 1663184 | 300.00183 | 294416 | -1 | 470857 |  
j30_5_7.rcp | 300.00656 | 830829 | -1 | 1172342 | 300.00076 | 709054 | -1 | 1327560 |  
j30_5_8.rcp | 300.0001 | 1716195 | -1 | 2376698 | 300.00156 | 662242 | -1 | 1560439 |  
j30_5_9.rcp | 300.00015 | 1235858 | -1 | 1394206 | 300.0001 | 676750 | -1 | 909850 |  
j30_5_10.rcp | 300.00656 | 1137487 | -1 | 2515142 | 300.00116 | 510143 | -1 | 1422400 |  
j30_6_1.rcp | 300.00037 | 1831415 | -1 | 614960 | 300.0001 | 882939 | -1 | 616210 |  
j30_6_2.rcp | 300.0005 | 1399785 | -1 | 1186597 | 300.00076 | 531073 | -1 | 1325521 |  
j30_6_3.rcp | 10.624863 | 65774 | 48 | 11210 | 28.380209 | 65774 | 48 | 44559 |  
j30_6_4.rcp | 300.00003 | 1847545 | -1 | 961268 | 300.00015 | 773526 | -1 | 1055893 |  
j30_6_5.rcp | 300.00012 | 1720095 | -1 | 706525 | 300.0001 | 847788 | -1 | 608411 |  
j30_6_6.rcp | 0.0053033 | 19 | 37 | 17 | 0.0157897 | 19 | 37 | 21 |  
j30_6_7.rcp | 0.005497 | 22 | 46 | 12 | 0.0125553 | 22 | 46 | 25 |  
j30_6_8.rcp | 0.0058 | 32 | 39 | 7 | 0.0086249 | 20 | 39 | 14 |  
j30_6_9.rcp | 0.0043708 | 19 | 51 | 4 | 0.0072472 | 19 | 51 | 15 |  
j30_6_10.rcp | 300.0004 | 1688913 | -1 | 1353984 | 300.00015 | 883746 | -1 | 1026879 |  
j30_7_1.rcp | 0.004002 | 16 | 55 | 1 | 0.0062712 | 16 | 55 | 1 |  
j30_7_2.rcp | 0.0029158 | 16 | 42 | 3 | 0.0040374 | 16 | 42 | 3 |  
j30_7_3.rcp | 0.0034544 | 18 | 42 | 3 | 0.0058075 | 18 | 42 | 7 |  
j30_7_4.rcp | 0.002816 | 19 | 44 | 4 | 0.005219 | 19 | 44 | 5 |  
j30_7_5.rcp | 0.0071083 | 44 | 44 | 4 | 0.0114408 | 44 | 44 | 8 |  
j30_7_6.rcp | 0.0034368 | 17 | 35 | 1 | 0.0031711 | 13 | 35 | 3 |  
j30_7_7.rcp | 0.0027713 | 12 | 50 | 5 | 0.007785 | 12 | 50 | 12 |  
j30_7_8.rcp | 0.0092125 | 27 | 44 | 18 | 0.0118074 | 27 | 44 | 29 |  
j30_7_9.rcp | 0.0050948 | 23 | 60 | 4 | 0.0094902 | 23 | 60 | 8 |  
j30_7_10.rcp | 14.435625 | 153428 | 49 | 2396 | 29.007765 | 153428 | 49 | 23310 |  
j30_8_1.rcp | 0.0012702 | 11 | 44 | 0 | 0.0019909 | 11 | 44 | 0 |  
j30_8_2.rcp | 0.0026998 | 13 | 51 | 0 | 0.0036812 | 13 | 51 | 0 |  
j30_8_3.rcp | 0.0022945 | 14 | 53 | 0 | 0.0030139 | 14 | 53 | 1 |  
j30_8_4.rcp | 0.0025337 | 16 | 48 | 1 | 0.0037152 | 16 | 48 | 2 |  
j30_8_5.rcp | 0.0019171 | 15 | 58 | 0 | 0.0034372 | 15 | 58 | 1 |  
j30_8_6.rcp | 0.0019361 | 13 | 47 | 0 | 0.0033369 | 13 | 47 | 3 |  
j30_8_7.rcp | 0.0018896 | 11 | 41 | 0 | 0.0029341 | 11 | 41 | 1 |  
j30_8_8.rcp | 0.0022644 | 15 | 51 | 2 | 0.0036402 | 15 | 51 | 3 |  
j30_8_9.rcp | 0.0018437 | 15 | 39 | 0 | 0.0028544 | 15 | 39 | 0 |  
j30_8_10.rcp | 0.0025193 | 14 | 67 | 1 | 0.0041902 | 14 | 67 | 1 |  
j30_9_1.rcp | 300.0008 | 620956 | -1 | 1626558 | 300.00244 | 239734 | -1 | 867905 |  
j30_9_2.rcp | 300.0002 | 726479 | -1 | 1383319 | 300.00024 | 274037 | -1 | 797959 |  
j30_9_3.rcp | 300.00098 | 508208 | -1 | 1827370 | 300.00092 | 183350 | -1 | 796609 |  
j30_9_4.rcp | 300.00052 | 580246 | -1 | 1157966 | 300.00507 | 176042 | -1 | 671773 |  
j30_9_5.rcp | 300.00052 | 569002 | -1 | 788313 | 300.00027 | 248514 | -1 | 439962 |  
j30_9_6.rcp | 300.00018 | 672502 | -1 | 1556615 | 300.001 | 251531 | -1 | 702411 |  
j30_9_7.rcp | 300.0006 | 1074987 | -1 | 1862116 | 300.00006 | 439596 | -1 | 851448 |  
j30_9_8.rcp | 300.00116 | 509117 | -1 | 1474606 | 300.0025 | 170176 | -1 | 703951 |  
j30_9_9.rcp | 300.00006 | 788666 | -1 | 2003544 | 300.00595 | 232231 | -1 | 858997 |  
j30_9_10.rcp | 300.00024 | 825861 | -1 | 1305458 | 300.00735 | 288689 | -1 | 584259 |  
j30_10_1.rcp | 0.0107101 | 16 | 42 | 3 | 0.0106422 | 16 | 42 | 6 |  
j30_10_2.rcp | 300.00015 | 752525 | -1 | 556278 | 300.0004 | 347742 | -1 | 437440 |  
j30_10_3.rcp | 24.32494 | 57942 | 62 | 49208 | 58.33213 | 57870 | 62 | 96967 |  
j30_10_4.rcp | 300.01016 | 1122178 | -1 | 162401 | 300.00037 | 474879 | -1 | 315108 |  
j30_10_5.rcp | 2.7936 | 9858 | 41 | 5586 | 6.6777353 | 9730 | 41 | 13550 |  
j30_10_6.rcp | 8.954505 | 22312 | 44 | 14118 | 17.786375 | 22312 | 44 | 21936 |  
j30_10_7.rcp | 0.0585742 | 230 | 49 | 26 | 0.113603 | 230 | 49 | 130 |  
j30_10_8.rcp | 168.545 | 514107 | 54 | 55224 | 300.0007 | 463700 | -1 | 103000 |  
j30_10_9.rcp | 0.0101712 | 38 | 49 | 20 | 0.0206412 | 38 | 49 | 27 |  
j30_10_10.rcp | 300.0001 | 870324 | -1 | 674088 | 300.0003 | 480550 | -1 | 446841 |  
j30_11_1.rcp | 300.0004 | 801631 | -1 | 372564 | 300.00134 | 320630 | -1 | 277047 |  
j30_11_2.rcp | 0.024126 | 50 | 56 | 11 | 0.0386793 | 50 | 56 | 25 |  
j30_11_3.rcp | 0.0134 | 19 | 81 | 6 | 0.0107264 | 19 | 81 | 10 |  
j30_11_4.rcp | 0.0089421 | 22 | 63 | 8 | 0.0173845 | 22 | 63 | 11 |  
j30_11_5.rcp | 9.0669365 | 44118 | 49 | 9167 | 26.70892 | 33858 | 49 | 64743 |  
j30_11_6.rcp | 1.0284773 | 4489 | 44 | 573 | 2.0240724 | 4489 | 44 | 1504 |  
j30_11_7.rcp | 0.0121237 | 28 | 36 | 2 | 0.0137372 | 28 | 36 | 2 |  
j30_11_8.rcp | 0.0134999 | 32 | 62 | 37 | 0.025285 | 32 | 62 | 42 |  
j30_11_9.rcp | 0.0067025 | 17 | 67 | 3 | 0.0101709 | 17 | 67 | 10 |  
j30_11_10.rcp | 0.0050429 | 14 | 38 | 3 | 0.008776 | 14 | 38 | 11 |  
j30_12_1.rcp | 0.0046386 | 12 | 47 | 6 | 0.0069161 | 12 | 47 | 7 |  
j30_12_2.rcp | 0.0036938 | 11 | 46 | 0 | 0.0053249 | 11 | 46 | 4 |  
j30_12_3.rcp | 0.0037283 | 14 | 37 | 3 | 0.0062118 | 14 | 37 | 5 |  
j30_12_4.rcp | 0.0085652 | 12 | 63 | 0 | 0.0062664 | 12 | 63 | 1 |  
j30_12_5.rcp | 0.0030957 | 14 | 47 | 0 | 0.0042061 | 14 | 47 | 0 |  
j30_12_6.rcp | 0.0034486 | 12 | 53 | 0 | 0.006315 | 12 | 53 | 4 |  
j30_12_7.rcp | 0.0048024 | 14 | 55 | 0 | 0.0064197 | 14 | 55 | 1 |  
j30_12_8.rcp | 0.0029971 | 15 | 35 | 0 | 0.0045613 | 15 | 35 | 0 |  
j30_12_9.rcp | 0.0050611 | 11 | 52 | 3 | 0.0079534 | 11 | 52 | 4 |  
j30_12_10.rcp | 0.0058007 | 12 | 57 | 0 | 0.0067756 | 12 | 57 | 0 |  
j30_13_1.rcp | 300.0017 | 765277 | -1 | 995610 | 300.00412 | 249603 | -1 | 518956 |  
j30_13_2.rcp | 300.00006 | 701820 | -1 | 821484 | 300.00018 | 293654 | -1 | 434556 |  
j30_13_3.rcp | 300.00183 | 745195 | -1 | 774840 | 300.00073 | 333278 | -1 | 459365 |  
j30_13_4.rcp | 300.0007 | 431853 | -1 | 967181 | 300.0009 | 165908 | -1 | 506787 |  
j30_13_5.rcp | 300.00076 | 739869 | -1 | 955289 | 300.00052 | 646753 | -1 | 430991 |  
j30_13_6.rcp | 300.00027 | 620233 | -1 | 746514 | 300.00366 | 266181 | -1 | 418938 |  
j30_13_7.rcp | 300.00027 | 772157 | -1 | 477587 | 300.00128 | 305633 | -1 | 296969 |  
j30_13_8.rcp | 300.0007 | 323633 | -1 | 874268 | 300.00006 | 108220 | -1 | 437549 |  
j30_13_9.rcp | 300.00064 | 492329 | -1 | 567086 | 300.0006 | 175567 | -1 | 321703 |  
j30_13_10.rcp | 300.00018 | 624953 | -1 | 697402 | 300.00705 | 396712 | -1 | 309501 |  
j30_14_1.rcp | 300.00034 | 663295 | -1 | 209441 | 300.0003 | 317371 | -1 | 220990 |  
j30_14_2.rcp | 300.0006 | 678388 | -1 | 201882 | 300.00034 | 246503 | -1 | 221290 |  
j30_14_3.rcp | 300.0001 | 513531 | -1 | 430460 | 300.01184 | 182101 | -1 | 446289 |  
j30_14_4.rcp | 300.00067 | 554813 | -1 | 687539 | 300.00024 | 226574 | -1 | 492738 |  
j30_14_5.rcp | 300.0002 | 733169 | -1 | 26077 | 300.00058 | 328918 | -1 | 120584 |  
j30_14_6.rcp | 300.00034 | 772069 | -1 | 199321 | 300.00024 | 388436 | -1 | 223826 |  
j30_14_7.rcp | 300.00012 | 543660 | -1 | 696847 | 300.0011 | 232915 | -1 | 677315 |  
j30_14_8.rcp | 0.0234196 | 20 | 54 | 11 | 0.0198018 | 20 | 54 | 22 |  
j30_14_9.rcp | 300.00027 | 777072 | -1 | 109889 | 300.00055 | 411760 | -1 | 115467 |  
j30_14_10.rcp | 300.00024 | 575132 | -1 | 207149 | 300.0008 | 295543 | -1 | 137844 |  
j30_15_1.rcp | 0.0209244 | 28 | 46 | 12 | 0.0240021 | 28 | 46 | 16 |  
j30_15_2.rcp | 0.0067097 | 13 | 47 | 0 | 0.0106388 | 13 | 47 | 1 |  
j30_15_3.rcp | 0.0546542 | 123 | 48 | 32 | 0.1076615 | 123 | 48 | 87 |  
j30_15_4.rcp | 0.0055941 | 13 | 48 | 0 | 0.0083509 | 13 | 48 | 1 |  
j30_15_5.rcp | 300.00018 | 661615 | -1 | 381042 | 300.003 | 290911 | -1 | 299679 |  
j30_15_6.rcp | 0.0074269 | 12 | 67 | 3 | 0.0154823 | 12 | 67 | 7 |  
j30_15_7.rcp | 0.3666456 | 736 | 47 | 298 | 0.7314905 | 736 | 47 | 480 |  
j30_15_8.rcp | 0.027267 | 57 | 50 | 20 | 0.056718 | 57 | 50 | 49 |  
j30_15_9.rcp | 0.0166269 | 20 | 54 | 12 | 0.0205993 | 20 | 54 | 20 |  
j30_15_10.rcp | 0.0072527 | 12 | 65 | 3 | 0.0128341 | 12 | 65 | 9 |  
j30_16_1.rcp | 0.0053962 | 13 | 51 | 2 | 0.0093561 | 13 | 51 | 4 |  
j30_16_2.rcp | 0.0052781 | 13 | 48 | 1 | 0.0087355 | 13 | 48 | 2 |  
j30_16_3.rcp | 0.0069791 | 12 | 36 | 0 | 0.0059751 | 12 | 36 | 0 |  
j30_16_4.rcp | 0.0052963 | 14 | 47 | 0 | 0.0088594 | 14 | 47 | 0 |  
j30_16_5.rcp | 0.0052289 | 13 | 51 | 0 | 0.0080285 | 13 | 51 | 0 |  
j30_16_6.rcp | 0.0048527 | 13 | 51 | 0 | 0.006987 | 13 | 51 | 0 |  
j30_16_7.rcp | 0.0049145 | 14 | 34 | 0 | 0.0078108 | 14 | 34 | 0 |  
j30_16_8.rcp | 0.0040089 | 13 | 44 | 0 | 0.0060222 | 13 | 44 | 0 |  
j30_16_9.rcp | 0.0045845 | 14 | 44 | 0 | 0.0073398 | 14 | 44 | 0 |  
j30_16_10.rcp | 0.0050884 | 12 | 51 | 1 | 0.0114276 | 12 | 51 | 2 |  
j30_17_1.rcp | 300.00006 | 8507723 | -1 | 7840920 | 300.00122 | 3463708 | -1 | 4846651 |  
j30_17_2.rcp | 0.0027419 | 32 | 68 | 10 | 0.0036893 | 32 | 68 | 9 |  
j30_17_3.rcp | 9.209E-4 | 14 | 60 | 7 | 0.0017258 | 14 | 60 | 10 |  
j30_17_4.rcp | 0.1358586 | 1959 | 49 | 2118 | 0.2235293 | 1931 | 49 | 1642 |  
j30_17_5.rcp | 101.845024 | 2035343 | 47 | 1655450 | 204.39247 | 2035343 | 47 | 2407540 |  
j30_17_6.rcp | 0.0018982 | 18 | 63 | 16 | 0.0040305 | 18 | 63 | 17 |  
j30_17_7.rcp | 300.0001 | 9392891 | -1 | 9037944 | 300.00024 | 4882654 | -1 | 5403002 |  
j30_17_8.rcp | 0.008506 | 110 | 61 | 40 | 0.0143799 | 110 | 61 | 58 |  
j30_17_9.rcp | 0.0025931 | 41 | 48 | 23 | 0.0073705 | 41 | 48 | 28 |  
j30_17_10.rcp | 6.31E-4 | 12 | 66 | 5 | 8.877E-4 | 12 | 66 | 5 |  
j30_18_1.rcp | 0.0017599 | 30 | 53 | 2 | 0.0025548 | 30 | 53 | 2 |  
j30_18_2.rcp | 0.0012587 | 31 | 55 | 5 | 0.0018393 | 31 | 55 | 4 |  
j30_18_3.rcp | 0.0016615 | 22 | 56 | 9 | 0.0043883 | 22 | 56 | 5 |  
j30_18_4.rcp | 0.0025047 | 52 | 70 | 14 | 0.0043251 | 52 | 70 | 14 |  
j30_18_5.rcp | 0.0013794 | 20 | 52 | 8 | 0.002388 | 20 | 52 | 10 |  
j30_18_6.rcp | 0.007181 | 136 | 62 | 45 | 0.0137518 | 136 | 62 | 58 |  
j30_18_7.rcp | 0.0012833 | 14 | 48 | 11 | 0.0022493 | 14 | 48 | 14 |  
j30_18_8.rcp | 0.0018987 | 22 | 52 | 3 | 0.002098 | 22 | 52 | 6 |  
j30_18_9.rcp | 0.001377 | 19 | 47 | 16 | 0.0031475 | 19 | 47 | 24 |  
j30_18_10.rcp | 16.026955 | 285202 | 49 | 223333 | 24.768661 | 248606 | 49 | 230863 |  
j30_19_1.rcp | 0.0027194 | 25 | 40 | 3 | 0.0032953 | 25 | 40 | 6 |  
j30_19_2.rcp | 0.0013539 | 15 | 58 | 3 | 0.001758 | 15 | 58 | 6 |  
j30_19_3.rcp | 8.883E-4 | 15 | 83 | 6 | 0.001667 | 15 | 83 | 11 |  
j30_19_4.rcp | 7.103E-4 | 16 | 39 | 5 | 0.0011256 | 16 | 39 | 6 |  
j30_19_5.rcp | 0.0012273 | 17 | 48 | 8 | 0.0022008 | 17 | 48 | 12 |  
j30_19_6.rcp | 0.001577 | 24 | 49 | 10 | 0.002349 | 24 | 49 | 13 |  
j30_19_7.rcp | 0.0016785 | 25 | 57 | 9 | 0.0028242 | 25 | 57 | 12 |  
j30_19_8.rcp | 0.0012864 | 21 | 55 | 5 | 0.0018718 | 21 | 55 | 10 |  
j30_19_9.rcp | 5.562E-4 | 14 | 38 | 2 | 9.043E-4 | 14 | 38 | 3 |  
j30_19_10.rcp | 0.0011315 | 20 | 47 | 4 | 0.002056 | 20 | 47 | 5 |  
j30_20_1.rcp | 8.07E-4 | 15 | 57 | 2 | 0.0011971 | 15 | 57 | 3 |  
j30_20_2.rcp | 7.516E-4 | 12 | 70 | 3 | 0.0010107 | 12 | 70 | 4 |  
j30_20_3.rcp | 6.559E-4 | 15 | 49 | 3 | 0.0011449 | 15 | 49 | 3 |  
j30_20_4.rcp | 6.332E-4 | 14 | 43 | 0 | 8.744E-4 | 14 | 43 | 4 |  
j30_20_5.rcp | 7.308E-4 | 13 | 61 | 5 | 0.001322 | 13 | 61 | 6 |  
j30_20_6.rcp | 5.141E-4 | 12 | 51 | 1 | 7.242E-4 | 12 | 51 | 1 |  
j30_20_7.rcp | 6.057E-4 | 11 | 42 | 2 | 9.475E-4 | 11 | 42 | 2 |  
j30_20_8.rcp | 5.652E-4 | 12 | 51 | 1 | 8.102E-4 | 12 | 51 | 1 |  
j30_20_9.rcp | 0.0011225 | 15 | 41 | 0 | 8.448E-4 | 15 | 41 | 0 |  
j30_20_10.rcp | 8.259E-4 | 15 | 37 | 0 | 0.0011662 | 15 | 37 | 1 |  
j30_21_1.rcp | 300.00046 | 2410917 | -1 | 2211280 | 300.00027 | 518476 | -1 | 1285408 |  
j30_21_2.rcp | 300.0003 | 1353682 | -1 | 3471766 | 300.00018 | 580869 | -1 | 1770149 |  
j30_21_3.rcp | 300.00662 | 1106487 | -1 | 2228308 | 300.0003 | 404345 | -1 | 1004376 |  
j30_21_4.rcp | 300.00006 | 4954667 | -1 | 1065639 | 300.0002 | 2466806 | -1 | 748663 |  
j30_21_5.rcp | 300.0001 | 1446656 | -1 | 2798625 | 300.00034 | 601978 | -1 | 1388513 |  
j30_21_6.rcp | 300.00006 | 1141412 | -1 | 2090608 | 300.0006 | 474375 | -1 | 1264662 |  
j30_21_7.rcp | 300.00046 | 1296163 | -1 | 2378821 | 300.01184 | 583209 | -1 | 1269736 |  
j30_21_8.rcp | 300.00006 | 1433227 | -1 | 1662459 | 300.0001 | 700279 | -1 | 1017242 |  
j30_21_9.rcp | 300.00006 | 1313201 | -1 | 2934731 | 300.0004 | 593998 | -1 | 1469652 |  
j30_21_10.rcp | 300.0002 | 1258945 | -1 | 2248391 | 300.00012 | 545634 | -1 | 1329610 |  
j30_22_1.rcp | 300.00003 | 1978892 | -1 | 1166257 | 300.00006 | 966193 | -1 | 860673 |  
j30_22_2.rcp | 0.0240042 | 19 | 45 | 6 | 0.006113 | 19 | 45 | 6 |  
j30_22_3.rcp | 0.0050797 | 22 | 63 | 2 | 0.0069933 | 22 | 63 | 10 |  
j30_22_4.rcp | 0.0032473 | 16 | 42 | 3 | 0.01852 | 16 | 42 | 5 |  
j30_22_5.rcp | 0.006542 | 26 | 52 | 20 | 0.013294 | 26 | 52 | 29 |  
j30_22_6.rcp | 18.323359 | 100821 | 52 | 54060 | 40.245842 | 100821 | 52 | 80408 |  
j30_22_7.rcp | 300.00598 | 1551649 | -1 | 735751 | 300.00024 | 576016 | -1 | 783584 |  
j30_22_8.rcp | 300.00012 | 1346762 | -1 | 2337154 | 300.0002 | 711531 | -1 | 1379840 |  
j30_22_9.rcp | 0.0196909 | 23 | 76 | 4 | 0.0088051 | 23 | 76 | 7 |  
j30_22_10.rcp | 0.0066292 | 34 | 55 | 21 | 0.0132884 | 34 | 55 | 34 |  
j30_23_1.rcp | 0.005079 | 15 | 63 | 6 | 0.0089946 | 15 | 63 | 7 |  
j30_23_2.rcp | 0.0037062 | 14 | 53 | 1 | 0.0036666 | 14 | 53 | 2 |  
j30_23_3.rcp | 0.0029571 | 16 | 46 | 6 | 0.0068338 | 16 | 46 | 9 |  
j30_23_4.rcp | 0.0067858 | 45 | 65 | 8 | 0.0099813 | 45 | 65 | 12 |  
j30_23_5.rcp | 0.0041991 | 24 | 52 | 4 | 0.0071558 | 24 | 52 | 4 |  
j30_23_6.rcp | 0.003427 | 18 | 48 | 3 | 0.0108608 | 18 | 48 | 6 |  
j30_23_7.rcp | 0.0049174 | 23 | 60 | 5 | 0.0109731 | 23 | 60 | 16 |  
j30_23_8.rcp | 0.0096044 | 45 | 48 | 5 | 0.0181994 | 45 | 48 | 11 |  
j30_23_9.rcp | 0.0088758 | 24 | 63 | 8 | 0.012845 | 24 | 63 | 10 |  
j30_23_10.rcp | 0.0027654 | 17 | 61 | 4 | 0.0053443 | 17 | 61 | 6 |  
j30_24_1.rcp | 0.002318 | 15 | 53 | 3 | 0.0041891 | 15 | 53 | 4 |  
j30_24_2.rcp | 0.0028877 | 14 | 58 | 2 | 0.0044895 | 14 | 58 | 4 |  
j30_24_3.rcp | 0.0026304 | 12 | 69 | 2 | 0.0053299 | 12 | 69 | 5 |  
j30_24_4.rcp | 0.0024843 | 16 | 53 | 3 | 0.0038528 | 16 | 53 | 6 |  
j30_24_5.rcp | 0.0023628 | 11 | 51 | 4 | 0.0040496 | 11 | 51 | 5 |  
j30_24_6.rcp | 0.0020675 | 14 | 56 | 1 | 0.0037762 | 14 | 56 | 2 |  
j30_24_7.rcp | 0.0019973 | 13 | 44 | 2 | 0.0038325 | 13 | 44 | 4 |  
j30_24_8.rcp | 0.0023382 | 13 | 38 | 0 | 0.0030262 | 13 | 38 | 0 |  
j30_24_9.rcp | 0.0018352 | 11 | 43 | 1 | 0.0032363 | 11 | 43 | 1 |  
j30_24_10.rcp | 0.0023751 | 13 | 53 | 1 | 0.0041436 | 13 | 53 | 2 |  
j30_25_1.rcp | 300.00024 | 567115 | -1 | 1135183 | 300.00015 | 282203 | -1 | 575692 |  
j30_25_2.rcp | 300.00012 | 764463 | -1 | 1571774 | 300.00024 | 288954 | -1 | 772437 |  
j30_25_3.rcp | 300.00037 | 962975 | -1 | 1171365 | 300.00195 | 379434 | -1 | 581835 |  
j30_25_4.rcp | 300.00012 | 588701 | -1 | 1504700 | 300.00046 | 221540 | -1 | 858248 |  
j30_25_5.rcp | 300.00003 | 1098953 | -1 | 1689850 | 300.0002 | 424399 | -1 | 765947 |  
j30_25_6.rcp | 300.0001 | 676693 | -1 | 1835220 | 300.00034 | 341627 | -1 | 980569 |  
j30_25_7.rcp | 300.00006 | 659246 | -1 | 1462409 | 300.00378 | 302169 | -1 | 790519 |  
j30_25_8.rcp | 300.0003 | 988492 | -1 | 943642 | 300.0011 | 332284 | -1 | 596684 |  
j30_25_9.rcp | 300.0003 | 875681 | -1 | 2329916 | 300.0003 | 405761 | -1 | 1028277 |  
j30_25_10.rcp | 300.00073 | 662371 | -1 | 1593647 | 300.00076 | 294330 | -1 | 927989 |  
j30_26_1.rcp | 0.0339986 | 59 | 59 | 55 | 0.0494354 | 59 | 59 | 85 |  
j30_26_2.rcp | 0.3144138 | 1385 | 40 | 278 | 0.5729708 | 1385 | 40 | 560 |  
j30_26_3.rcp | 0.0094275 | 14 | 58 | 7 | 0.0134502 | 14 | 58 | 13 |  
j30_26_4.rcp | 0.0617276 | 231 | 62 | 109 | 0.16692969 | 231 | 62 | 281 |  
j30_26_5.rcp | 0.3088111 | 931 | 74 | 893 | 0.6876166 | 931 | 74 | 1096 |  
j30_26_6.rcp | 300.00018 | 1298631 | -1 | 321771 | 300.00027 | 431127 | -1 | 667198 |  
j30_26_7.rcp | 0.0421507 | 177 | 56 | 27 | 0.1110866 | 177 | 56 | 81 |  
j30_26_8.rcp | 0.0121318 | 24 | 66 | 8 | 0.018443 | 24 | 66 | 15 |  
j30_26_9.rcp | 300.00015 | 995782 | -1 | 711466 | 300.00046 | 451575 | -1 | 680829 |  
j30_26_10.rcp | 0.0133666 | 40 | 49 | 19 | 0.0216082 | 40 | 49 | 25 |  
j30_27_1.rcp | 0.171388 | 1006 | 43 | 85 | 0.2851256 | 970 | 43 | 46 |  
j30_27_2.rcp | 0.0231324 | 68 | 58 | 6 | 0.068046495 | 68 | 58 | 84 |  
j30_27_3.rcp | 0.0047365 | 18 | 60 | 3 | 0.0076468 | 18 | 60 | 3 |  
j30_27_4.rcp | 0.0056889 | 14 | 64 | 12 | 0.0111168 | 14 | 64 | 14 |  
j30_27_5.rcp | 0.0131261 | 36 | 49 | 20 | 0.0261748 | 36 | 49 | 24 |  
j30_27_6.rcp | 0.0035468 | 11 | 59 | 2 | 0.0064282 | 11 | 59 | 5 |  
j30_27_7.rcp | 0.0867008 | 309 | 49 | 119 | 0.1411425 | 309 | 49 | 135 |  
j30_27_8.rcp | 0.0121665 | 18 | 66 | 3 | 0.0145253 | 18 | 66 | 6 |  
j30_27_9.rcp | 0.0096814 | 12 | 55 | 3 | 0.0136006 | 12 | 55 | 5 |  
j30_27_10.rcp | 0.0053865 | 14 | 62 | 2 | 0.0074686 | 14 | 62 | 2 |  
j30_28_1.rcp | 0.0045753 | 14 | 69 | 0 | 0.0083926 | 14 | 69 | 4 |  
j30_28_2.rcp | 0.0039606 | 13 | 57 | 1 | 0.0063947 | 13 | 57 | 3 |  
j30_28_3.rcp | 0.0037298 | 12 | 40 | 2 | 0.0061964 | 12 | 40 | 2 |  
j30_28_4.rcp | 0.004326 | 16 | 49 | 1 | 0.007329 | 16 | 49 | 1 |  
j30_28_5.rcp | 0.0036349 | 13 | 73 | 0 | 0.0060309 | 13 | 73 | 3 |  
j30_28_6.rcp | 0.0047706 | 16 | 55 | 5 | 0.008289 | 16 | 55 | 7 |  
j30_28_7.rcp | 0.0063721 | 12 | 48 | 0 | 0.0049624 | 12 | 48 | 1 |  
j30_28_8.rcp | 0.0038887 | 14 | 53 | 1 | 0.0063952 | 14 | 53 | 2 |  
j30_28_9.rcp | 0.0041283 | 14 | 62 | 4 | 0.0071652 | 14 | 62 | 6 |  
j30_28_10.rcp | 0.0038438 | 14 | 59 | 1 | 0.007764 | 14 | 59 | 2 |  
j30_29_1.rcp | 300.0002 | 606076 | -1 | 1004171 | 300.00244 | 248344 | -1 | 448881 |  
j30_29_2.rcp | 300.01624 | 471284 | -1 | 966505 | 300.00058 | 182201 | -1 | 550445 |  
j30_29_3.rcp | 300.00012 | 1438966 | -1 | 446510 | 300.00006 | 381083 | -1 | 475278 |  
j30_29_4.rcp | 300.00003 | 788802 | -1 | 1116820 | 300.00034 | 437580 | -1 | 966705 |  
j30_29_5.rcp | 300.00012 | 735337 | -1 | 1153642 | 300.00208 | 237451 | -1 | 519875 |  
j30_29_6.rcp | 300.00046 | 951933 | -1 | 785078 | 300.00058 | 245394 | -1 | 556843 |  
j30_29_7.rcp | 300.00046 | 449838 | -1 | 1214493 | 300.00833 | 151171 | -1 | 553841 |  
j30_29_8.rcp | 300.00146 | 638916 | -1 | 1354984 | 300.001 | 210027 | -1 | 646522 |  
j30_29_9.rcp | 300.00027 | 446135 | -1 | 699358 | 300.00046 | 429029 | -1 | 239162 |  
j30_29_10.rcp | 300.0003 | 373477 | -1 | 1510410 | 300.0004 | 135383 | -1 | 569796 |  
j30_30_1.rcp | 150.37291 | 218750 | 47 | 200570 | 285.5835 | 200626 | 47 | 289483 |  
j30_30_2.rcp | 300.00006 | 554984 | -1 | 556910 | 300.0003 | 251189 | -1 | 390759 |  
j30_30_3.rcp | 300.0064 | 585261 | -1 | 293868 | 300.00836 | 172387 | -1 | 213996 |  
j30_30_4.rcp | 300.0004 | 446194 | -1 | 176990 | 300.01575 | 218661 | -1 | 149061 |  
j30_30_5.rcp | 300.00037 | 589135 | -1 | 475993 | 300.00052 | 227682 | -1 | 448027 |  
j30_30_6.rcp | 300.0003 | 616620 | -1 | 215770 | 300.00095 | 244882 | -1 | 236688 |  
j30_30_7.rcp | 300.00067 | 381395 | -1 | 616992 | 300.00238 | 164484 | -1 | 479025 |  
j30_30_8.rcp | 300.0006 | 550839 | -1 | 945164 | 300.00018 | 276995 | -1 | 605937 |  
j30_30_9.rcp | 300.0002 | 824266 | -1 | 123091 | 300.00055 | 364076 | -1 | 251002 |  
j30_30_10.rcp | 300.0002 | 614074 | -1 | 369989 | 300.0008 | 296548 | -1 | 288460 |  
j30_31_1.rcp | 0.0221298 | 12 | 43 | 1 | 0.0134508 | 12 | 43 | 2 |  
j30_31_2.rcp | 0.004195 | 10 | 63 | 0 | 0.0095376 | 10 | 63 | 1 |  
j30_31_3.rcp | 0.0060148 | 15 | 58 | 1 | 0.0106458 | 15 | 58 | 1 |  
j30_31_4.rcp | 4.886809 | 11974 | 50 | 5622 | 11.837897 | 11572 | 50 | 13152 |  
j30_31_5.rcp | 2.1759224 | 5169 | 52 | 645 | 5.440953 | 5169 | 52 | 2135 |  
j30_31_6.rcp | 0.0059594 | 16 | 53 | 5 | 0.0095218 | 16 | 53 | 6 |  
j30_31_7.rcp | 0.0168843 | 21 | 61 | 4 | 0.0240568 | 21 | 61 | 4 |  
j30_31_8.rcp | 0.008305 | 14 | 58 | 2 | 0.0173602 | 14 | 58 | 10 |  
j30_31_9.rcp | 300.0009 | 673747 | -1 | 430366 | 300.00076 | 318157 | -1 | 305964 |  
j30_31_10.rcp | 300.00018 | 668195 | -1 | 112543 | 300.00348 | 250183 | -1 | 238667 |  
j30_32_1.rcp | 0.0148687 | 17 | 61 | 0 | 0.0092008 | 17 | 61 | 0 |  
j30_32_2.rcp | 0.0050709 | 14 | 60 | 1 | 0.0097279 | 14 | 60 | 2 |  
j30_32_3.rcp | 0.0061843 | 13 | 57 | 1 | 0.0115599 | 13 | 57 | 7 |  
j30_32_4.rcp | 0.0053114 | 15 | 68 | 5 | 0.0096217 | 15 | 68 | 5 |  
j30_32_5.rcp | 0.0052195 | 12 | 54 | 0 | 0.0097728 | 12 | 54 | 2 |  
j30_32_6.rcp | 0.0048101 | 13 | 44 | 1 | 0.0085269 | 13 | 44 | 3 |  
j30_32_7.rcp | 0.004236 | 15 | 35 | 0 | 0.0064899 | 15 | 35 | 0 |  
j30_32_8.rcp | 0.0055124 | 15 | 54 | 1 | 0.0105598 | 15 | 54 | 2 |  
j30_32_9.rcp | 0.0041153 | 13 | 65 | 0 | 0.007064 | 13 | 65 | 0 |  
j30_32_10.rcp | 0.0036156 | 11 | 51 | 0 | 0.0067914 | 11 | 51 | 1 |  
j30_33_1.rcp | 15.137827 | 478364 | 65 | 272237 | 31.611435 | 478364 | 65 | 347138 |  
j30_33_2.rcp | 0.0053914 | 50 | 60 | 59 | 0.0056986 | 50 | 60 | 72 |  
j30_33_3.rcp | 300.001 | 4680982 | -1 | 6351272 | 300.00003 | 2477225 | -1 | 4080914 |  
j30_33_4.rcp | 0.0018778 | 17 | 77 | 30 | 0.0025356 | 17 | 77 | 34 |  
j30_33_5.rcp | 300.00012 | 4936008 | -1 | 4634079 | 300.00024 | 2026693 | -1 | 2617828 |  
j30_33_6.rcp | 0.0037537 | 71 | 59 | 59 | 0.0072162 | 71 | 59 | 72 |  
j30_33_7.rcp | 0.0018057 | 14 | 58 | 6 | 0.0017013 | 14 | 58 | 10 |  
j30_33_8.rcp | 300.00003 | 6882206 | -1 | 2922816 | 300.00024 | 2952671 | -1 | 1123882 |  
j30_33_9.rcp | 26.635477 | 414092 | 65 | 447818 | 47.99256 | 414092 | 65 | 481897 |  
j30_33_10.rcp | 0.0039722 | 41 | 53 | 7 | 0.0053264 | 41 | 53 | 13 |  
j30_34_1.rcp | 0.002251 | 27 | 68 | 13 | 0.0032745 | 27 | 68 | 20 |  
j30_34_2.rcp | 0.0012879 | 15 | 44 | 5 | 0.002141 | 15 | 44 | 8 |  
j30_34_3.rcp | 17.425974 | 535375 | 69 | 268717 | 36.906944 | 535375 | 69 | 260895 |  
j30_34_4.rcp | 0.0020582 | 15 | 67 | 7 | 0.0027785 | 15 | 67 | 9 |  
j30_34_5.rcp | 0.0022886 | 29 | 63 | 9 | 0.0032221 | 29 | 63 | 13 |  
j30_34_6.rcp | 0.0013914 | 15 | 52 | 7 | 0.0022904 | 15 | 52 | 10 |  
j30_34_7.rcp | 0.0018389 | 29 | 58 | 6 | 0.0036479 | 29 | 58 | 9 |  
j30_34_8.rcp | 0.0032957 | 56 | 58 | 9 | 0.0056458 | 56 | 58 | 16 |  
j30_34_9.rcp | 9.151E-4 | 14 | 60 | 9 | 0.0016258 | 14 | 60 | 12 |  
j30_34_10.rcp | 5.597E-4 | 10 | 47 | 2 | 0.0010249 | 10 | 47 | 4 |  
j30_35_1.rcp | 0.0018601 | 35 | 57 | 10 | 0.0037314 | 35 | 57 | 24 |  
j30_35_2.rcp | 7.356E-4 | 13 | 53 | 4 | 0.0012713 | 13 | 53 | 6 |  
j30_35_3.rcp | 0.0056649 | 18 | 60 | 1 | 0.0019842 | 18 | 60 | 6 |  
j30_35_4.rcp | 0.0014639 | 19 | 50 | 5 | 0.0022572 | 19 | 50 | 5 |  
j30_35_5.rcp | 7.03E-4 | 15 | 60 | 1 | 0.001302 | 15 | 60 | 4 |  
j30_35_6.rcp | 0.0015768 | 19 | 58 | 9 | 0.0022098 | 19 | 58 | 10 |  
j30_35_7.rcp | 0.0079294 | 170 | 61 | 67 | 0.0147167 | 170 | 61 | 100 |  
j30_35_8.rcp | 9.356E-4 | 21 | 63 | 7 | 0.0014434 | 21 | 63 | 12 |  
j30_35_9.rcp | 9.616E-4 | 17 | 59 | 9 | 0.0015048 | 17 | 59 | 9 |  
j30_35_10.rcp | 0.0014266 | 26 | 59 | 4 | 0.0024623 | 26 | 59 | 9 |  
j30_36_1.rcp | 5.852E-4 | 14 | 66 | 1 | 8.455E-4 | 14 | 66 | 1 |  
j30_36_2.rcp | 5.413E-4 | 13 | 44 | 2 | 7.254E-4 | 13 | 44 | 2 |  
j30_36_3.rcp | 6.407E-4 | 15 | 61 | 3 | 9.402E-4 | 15 | 61 | 4 |  
j30_36_4.rcp | 5.847E-4 | 15 | 59 | 0 | 9.258E-4 | 15 | 59 | 1 |  
j30_36_5.rcp | 7.019E-4 | 14 | 64 | 2 | 0.0012599 | 14 | 64 | 2 |  
j30_36_6.rcp | 0.0011276 | 15 | 46 | 5 | 0.0011267 | 15 | 46 | 5 |  
j30_36_7.rcp | 5.762E-4 | 12 | 56 | 0 | 8.176E-4 | 12 | 56 | 1 |  
j30_36_8.rcp | 7.387E-4 | 18 | 63 | 0 | 0.0016959 | 18 | 63 | 1 |  
j30_36_9.rcp | 0.0018962 | 15 | 59 | 0 | 0.0012901 | 15 | 59 | 1 |  
j30_36_10.rcp | 7.54E-4 | 16 | 59 | 3 | 0.0011567 | 16 | 59 | 5 |  
j30_37_1.rcp | 300.00058 | 2089619 | -1 | 1296492 | 300.00012 | 745478 | -1 | 843978 |  
j30_37_2.rcp | 300.0003 | 900743 | -1 | 2168478 | 300.0005 | 344717 | -1 | 1414697 |  
j30_37_3.rcp | 300.00018 | 2369084 | -1 | 1442270 | 300.00015 | 827814 | -1 | 1151241 |  
j30_37_4.rcp | 300.00037 | 1162204 | -1 | 2447093 | 300.00058 | 641499 | -1 | 1424855 |  
j30_37_5.rcp | 300.00006 | 1693358 | -1 | 2272398 | 300.00266 | 874662 | -1 | 1057211 |  
j30_37_6.rcp | 300.0005 | 1330522 | -1 | 2096751 | 300.0001 | 559080 | -1 | 1063308 |  
j30_37_7.rcp | 300.01456 | 1570936 | -1 | 2621166 | 300.00003 | 754056 | -1 | 1506604 |  
j30_37_8.rcp | 300.00073 | 1058041 | -1 | 2484820 | 300.0008 | 464244 | -1 | 1241006 |  
j30_37_9.rcp | 300.00006 | 1942458 | -1 | 2242480 | 300.0009 | 811277 | -1 | 1416689 |  
j30_37_10.rcp | 300.00024 | 1283530 | -1 | 2106494 | 300.00037 | 503592 | -1 | 1034577 |  
j30_38_1.rcp | 300.00012 | 2666896 | -1 | 686838 | 300.00073 | 1267565 | -1 | 661275 |  
j30_38_2.rcp | 0.0269541 | 62 | 54 | 10 | 0.014791 | 50 | 54 | 21 |  
j30_38_3.rcp | 0.0049002 | 28 | 59 | 5 | 0.0111226 | 28 | 59 | 15 |  
j30_38_4.rcp | 0.0064682 | 39 | 59 | 8 | 0.0110428 | 39 | 59 | 16 |  
j30_38_5.rcp | 8.732135 | 31286 | 71 | 26329 | 15.89373 | 31286 | 71 | 25418 |  
j30_38_6.rcp | 0.007894 | 14 | 63 | 4 | 0.0061568 | 14 | 63 | 5 |  
j30_38_7.rcp | 125.47385 | 735526 | 65 | 124793 | 268.33093 | 735526 | 65 | 267566 |  
j30_38_8.rcp | 0.0091637 | 46 | 61 | 16 | 0.0156475 | 46 | 61 | 21 |  
j30_38_9.rcp | 0.0169824 | 95 | 63 | 45 | 0.0330909 | 95 | 63 | 49 |  
j30_38_10.rcp | 0.0072162 | 37 | 60 | 12 | 0.0105511 | 37 | 60 | 10 |  
j30_39_1.rcp | 0.0047816 | 36 | 55 | 4 | 0.024662 | 36 | 55 | 19 |  
j30_39_2.rcp | 0.0041348 | 28 | 54 | 9 | 0.0081017 | 28 | 54 | 15 |  
j30_39_3.rcp | 0.003309 | 15 | 54 | 3 | 0.0071292 | 15 | 54 | 9 |  
j30_39_4.rcp | 0.0044081 | 28 | 53 | 2 | 0.0087237 | 28 | 53 | 9 |  
j30_39_5.rcp | 0.0015494 | 8 | 55 | 1 | 0.0037006 | 8 | 55 | 5 |  
j30_39_6.rcp | 300.00107 | 1836882 | -1 | 561673 | 300.0004 | 922266 | -1 | 398518 |  
j30_39_7.rcp | 0.0074766 | 43 | 56 | 13 | 0.0122494 | 43 | 56 | 18 |  
j30_39_8.rcp | 0.0020467 | 14 | 67 | 3 | 0.0033949 | 14 | 67 | 4 |  
j30_39_9.rcp | 0.0052606 | 26 | 64 | 5 | 0.0095251 | 26 | 64 | 7 |  
j30_39_10.rcp | 0.0046309 | 23 | 60 | 5 | 0.0109022 | 23 | 60 | 10 |  
j30_40_1.rcp | 0.0022737 | 16 | 51 | 2 | 0.0043231 | 16 | 51 | 4 |  
j30_40_2.rcp | 0.0018287 | 15 | 56 | 1 | 0.0031617 | 15 | 56 | 1 |  
j30_40_3.rcp | 0.0020421 | 15 | 57 | 1 | 0.0033085 | 15 | 57 | 1 |  
j30_40_4.rcp | 0.0018723 | 14 | 57 | 0 | 0.0034386 | 14 | 57 | 0 |  
j30_40_5.rcp | 0.0016804 | 14 | 65 | 0 | 0.0029408 | 14 | 65 | 3 |  
j30_40_6.rcp | 0.00186 | 11 | 60 | 1 | 0.003752 | 11 | 60 | 2 |  
j30_40_7.rcp | 0.0017283 | 13 | 46 | 0 | 0.0028748 | 13 | 46 | 0 |  
j30_40_8.rcp | 0.0019863 | 17 | 57 | 2 | 0.0034874 | 17 | 57 | 2 |  
j30_40_9.rcp | 0.0021714 | 15 | 64 | 2 | 0.0038572 | 15 | 64 | 2 |  
j30_40_10.rcp | 0.0020215 | 13 | 51 | 1 | 0.0036073 | 13 | 51 | 1 |  
j30_41_1.rcp | 300.00024 | 762730 | -1 | 1187968 | 300.0008 | 354985 | -1 | 699243 |  
j30_41_2.rcp | 300.00055 | 952068 | -1 | 1920374 | 300.0011 | 298078 | -1 | 849769 |  
j30_41_3.rcp | 300.00073 | 686214 | -1 | 1730774 | 300.00104 | 242596 | -1 | 1114249 |  
j30_41_4.rcp | 300.0001 | 910019 | -1 | 1183983 | 300.00375 | 310801 | -1 | 604237 |  
j30_41_5.rcp | 300.0004 | 1549036 | -1 | 1355237 | 300.0083 | 393875 | -1 | 764262 |  
j30_41_6.rcp | 300.00058 | 637144 | -1 | 2183773 | 300.00235 | 264665 | -1 | 843173 |  
j30_41_7.rcp | 300.00012 | 897517 | -1 | 1179172 | 300.00116 | 280262 | -1 | 801857 |  
j30_41_8.rcp | 300.00018 | 787888 | -1 | 1926369 | 300.0016 | 276901 | -1 | 843682 |  
j30_41_9.rcp | 300.46396 | 590624 | -1 | 1298758 | 300.00003 | 284086 | -1 | 727132 |  
j30_41_10.rcp | 300.0008 | 1060236 | -1 | 1642001 | 300.00153 | 328328 | -1 | 849878 |  
j30_42_1.rcp | 0.11765031 | 344 | 58 | 119 | 0.2428992 | 344 | 58 | 253 |  
j30_42_2.rcp | 115.476166 | 330639 | 50 | 332188 | 276.65143 | 330639 | 50 | 609579 |  
j30_42_3.rcp | 300.00052 | 867589 | -1 | 675387 | 300.00195 | 365291 | -1 | 483056 |  
j30_42_4.rcp | 300.00006 | 858580 | -1 | 476858 | 300.0003 | 428212 | -1 | 252604 |  
j30_42_5.rcp | 0.0032016 | 11 | 52 | 1 | 0.0060677 | 11 | 52 | 1 |  
j30_42_6.rcp | 300.00018 | 912649 | -1 | 461753 | 300.00015 | 346709 | -1 | 447252 |  
j30_42_7.rcp | 0.007925 | 18 | 66 | 10 | 0.0123332 | 18 | 66 | 13 |  
j30_42_8.rcp | 300.01218 | 641759 | -1 | 780550 | 300.00092 | 289043 | -1 | 489681 |  
j30_42_9.rcp | 300.00034 | 917675 | -1 | 749549 | 300.00732 | 311051 | -1 | 508168 |  
j30_42_10.rcp | 0.0240617 | 22 | 75 | 16 | 0.0160003 | 22 | 75 | 16 |  
j30_43_1.rcp | 300.00058 | 1076630 | -1 | 485984 | 300.00024 | 406346 | -1 | 482810 |  
j30_43_2.rcp | 0.0048731 | 19 | 43 | 3 | 0.0087838 | 19 | 43 | 4 |  
j30_43_3.rcp | 118.20621 | 429005 | 57 | 45829 | 246.28139 | 429005 | 57 | 102497 |  
j30_43_4.rcp | 0.0177189 | 15 | 67 | 6 | 0.012264 | 15 | 67 | 13 |  
j30_43_5.rcp | 0.0530135 | 149 | 64 | 159 | 0.0994468 | 149 | 64 | 138 |  
j30_43_6.rcp | 5.230816 | 12670 | 58 | 5176 | 9.75375 | 12670 | 58 | 7032 |  
j30_43_7.rcp | 0.0077449 | 14 | 52 | 6 | 0.0099868 | 14 | 52 | 8 |  
j30_43_8.rcp | 0.36240453 | 1270 | 62 | 199 | 0.7315228 | 1270 | 62 | 286 |  
j30_43_9.rcp | 3.1931987 | 10421 | 57 | 7342 | 5.926308 | 10411 | 57 | 7368 |  
j30_43_10.rcp | 0.0471241 | 93 | 60 | 101 | 0.110869505 | 93 | 60 | 114 |  
j30_44_1.rcp | 0.003878 | 13 | 50 | 0 | 0.0067751 | 13 | 50 | 2 |  
j30_44_2.rcp | 0.0048345 | 13 | 54 | 3 | 0.0080897 | 13 | 54 | 3 |  
j30_44_3.rcp | 0.0035144 | 17 | 51 | 1 | 0.0053959 | 17 | 51 | 1 |  
j30_44_4.rcp | 0.003634 | 11 | 57 | 2 | 0.0072009 | 11 | 57 | 2 |  
j30_44_5.rcp | 0.0034212 | 14 | 55 | 1 | 0.0055212 | 14 | 55 | 1 |  
j30_44_6.rcp | 0.003731 | 14 | 56 | 1 | 0.0057928 | 14 | 56 | 1 |  
j30_44_7.rcp | 0.0039199 | 13 | 42 | 1 | 0.005923 | 13 | 42 | 1 |  
j30_44_8.rcp | 0.0030764 | 8 | 49 | 2 | 0.0054717 | 8 | 49 | 3 |  
j30_44_9.rcp | 0.0030505 | 15 | 64 | 0 | 0.0051128 | 15 | 64 | 0 |  
j30_44_10.rcp | 0.0036158 | 13 | 63 | 1 | 0.0071134 | 13 | 63 | 1 |  
j30_45_1.rcp | 300.0017 | 493659 | -1 | 1476583 | 300.00052 | 188697 | -1 | 633494 |  
j30_45_2.rcp | 300.00012 | 650608 | -1 | 821856 | 300.00076 | 336231 | -1 | 425690 |  
j30_45_3.rcp | 300.0016 | 404863 | -1 | 1258678 | 300.01526 | 145100 | -1 | 619247 |  
j30_45_4.rcp | 300.00058 | 440513 | -1 | 1236911 | 300.00076 | 141134 | -1 | 714679 |  
j30_45_5.rcp | 300.00137 | 515070 | -1 | 1488175 | 300.00006 | 157930 | -1 | 715885 |  
j30_45_6.rcp | 300.00018 | 493298 | -1 | 1239177 | 300.0002 | 147047 | -1 | 671032 |  
j30_45_7.rcp | 300.0002 | 388067 | -1 | 1934042 | 300.0006 | 146888 | -1 | 776429 |  
j30_45_8.rcp | 300.00177 | 406399 | -1 | 1028679 | 300.00156 | 159874 | -1 | 488591 |  
j30_45_9.rcp | 300.00073 | 498693 | -1 | 1070277 | 300.0043 | 176989 | -1 | 535469 |  
j30_45_10.rcp | 300.0008 | 504928 | -1 | 1405034 | 300.00058 | 168792 | -1 | 620729 |  
j30_46_1.rcp | 300.00055 | 477182 | -1 | 638357 | 300.00125 | 210032 | -1 | 374365 |  
j30_46_2.rcp | 300.00034 | 550409 | -1 | 559155 | 300.00104 | 236105 | -1 | 400799 |  
j30_46_3.rcp | 300.0005 | 570159 | -1 | 402348 | 300.0023 | 178801 | -1 | 445596 |  
j30_46_4.rcp | 300.0004 | 674449 | -1 | 384878 | 300.00012 | 263572 | -1 | 247136 |  
j30_46_5.rcp | 0.0611836 | 131 | 57 | 21 | 0.128358 | 131 | 57 | 88 |  
j30_46_6.rcp | 300.0003 | 572272 | -1 | 337613 | 300.0016 | 249979 | -1 | 269772 |  
j30_46_7.rcp | 300.0001 | 507397 | -1 | 702679 | 300.00128 | 224145 | -1 | 487803 |  
j30_46_8.rcp | 300.00012 | 694334 | -1 | 247664 | 300.001 | 238245 | -1 | 594054 |  
j30_46_9.rcp | 300.00037 | 535915 | -1 | 634263 | 300.00183 | 226335 | -1 | 518310 |  
j30_46_10.rcp | 300.0002 | 610647 | -1 | 422830 | 300.00018 | 268284 | -1 | 298823 |  
j30_47_1.rcp | 0.0175065 | 14 | 58 | 5 | 0.0157521 | 14 | 58 | 6 |  
j30_47_2.rcp | 0.0082518 | 17 | 59 | 4 | 0.0150657 | 17 | 59 | 4 |  
j30_47_3.rcp | 0.0186606 | 38 | 55 | 4 | 0.0353495 | 38 | 55 | 8 |  
j30_47_4.rcp | 0.0121783 | 22 | 49 | 1 | 0.0234472 | 22 | 49 | 9 |  
j30_47_5.rcp | 5.9280643 | 11169 | 47 | 2191 | 10.831798 | 11169 | 47 | 2794 |  
j30_47_6.rcp | 66.39833 | 142191 | 53 | 32811 | 25.470577 | 23797 | 53 | 10961 |  
j30_47_7.rcp | 180.58595 | 383995 | 66 | 39913 | 300.00024 | 338066 | -1 | 73447 |  
j30_47_8.rcp | 0.0054532 | 12 | 48 | 1 | 0.0094318 | 12 | 48 | 1 |  
j30_47_9.rcp | 0.0067837 | 13 | 65 | 5 | 0.013921 | 13 | 65 | 9 |  
j30_47_10.rcp | 300.00095 | 634859 | -1 | 785063 | 300.00037 | 320065 | -1 | 472342 |  
j30_48_1.rcp | 0.0050239 | 14 | 63 | 0 | 0.0075791 | 14 | 63 | 0 |  
j30_48_2.rcp | 0.004635 | 15 | 54 | 0 | 0.0082308 | 15 | 54 | 0 |  
j30_48_3.rcp | 0.0048868 | 15 | 50 | 2 | 0.0077385 | 15 | 50 | 2 |  
j30_48_4.rcp | 0.0055331 | 16 | 57 | 0 | 0.0107705 | 16 | 57 | 2 |  
j30_48_5.rcp | 0.0058164 | 15 | 58 | 0 | 0.0100057 | 15 | 58 | 0 |  
j30_48_6.rcp | 0.0044751 | 14 | 58 | 0 | 0.0075372 | 14 | 58 | 1 |  
j30_48_7.rcp | 0.0059076 | 14 | 55 | 1 | 0.0106305 | 14 | 55 | 1 |  
j30_48_8.rcp | 0.0048294 | 13 | 44 | 1 | 0.0081935 | 13 | 44 | 1 |  
j30_48_9.rcp | 0.0049865 | 13 | 59 | 0 | 0.008224 | 13 | 59 | 0 |  
j30_48_10.rcp | 0.0049257 | 13 | 54 | 0 | 0.0084308 | 13 | 54 | 1 |  
AVERAGE |2.9014838 | 20189.107 | 13463.649 | 5.696085 | 19613.773 | 18503.006 |  
TIME RATIO  = 50.938213 backtracks= 14.0